# Ancestral state reconstruction for all nodes in output.treefile
# This file can be read in MS Excel or in R with command:
#   tab=read.table('output.state',header=TRUE)
# Columns are tab-separated with following meaning:
#   Node:  Node name in the tree
#   Site:  Alignment site ID
#   State: Most likely state assignment
#   p_X:   Posterior probability for state X (empirical Bayesian method)
Node	Site	State	p_A	p_C	p_G	p_T
Node5*	1	G	0.02262	0.01500	0.96156	0.00082
Node5*	2	A	0.96307	0.00975	0.02679	0.00040
Node5*	3	G	0.02719	0.00772	0.96484	0.00025
Node5*	4	A	0.96156	0.01500	0.02262	0.00082
Node5*	5	G	0.02189	0.03174	0.94260	0.00376
Node5*	6	A	0.96381	0.01293	0.02238	0.00087
Node5*	7	T	0.00032	0.01615	0.00032	0.98321
Node5*	8	G	0.02719	0.00772	0.96484	0.00025
Node5*	9	A	0.97414	0.00651	0.01914	0.00021
Node5*	10	T	0.00299	0.04551	0.00363	0.94788
Node5*	11	G	0.01886	0.00822	0.97258	0.00033
Node5*	12	T	0.00058	0.02182	0.00058	0.97702
Node5*	13	A	0.97258	0.00822	0.01886	0.00033
Node5*	14	C	0.01633	0.95412	0.01364	0.01592
Node5*	15	C	0.02147	0.94196	0.02605	0.01051
Node5*	16	A	0.96044	0.01226	0.02671	0.00059
Node5*	17	T	0.00020	0.01286	0.00020	0.98674
Node5*	18	G	0.02651	0.00762	0.96562	0.00025
Node5*	19	C	0.01122	0.95916	0.01136	0.01826
Node5*	20	T	0.00039	0.01846	0.00039	0.98076
Node1*	1	G	0.00000	0.00000	1.00000	0.00000
Node1*	2	A	1.00000	0.00000	0.00000	0.00000
Node1*	3	G	0.00000	0.00000	1.00000	0.00000
Node1*	4	A	1.00000	0.00000	0.00000	0.00000
Node1*	5	G	0.00000	0.00000	1.00000	0.00000
Node1*	6	A	1.00000	0.00000	0.00000	0.00000
Node1*	7	T	0.00000	0.00000	0.00000	1.00000
Node1*	8	G	0.00000	0.00000	1.00000	0.00000
Node1*	9	A	1.00000	0.00000	0.00000	0.00000
Node1*	10	T	0.00000	0.00000	0.00000	1.00000
Node1*	11	G	0.00000	0.00000	1.00000	0.00000
Node1*	12	T	0.00000	0.00000	0.00000	1.00000
Node1*	13	A	1.00000	0.00000	0.00000	0.00000
Node1*	14	C	0.00000	0.99999	0.00000	0.00000
Node1*	15	C	0.00000	1.00000	0.00000	0.00000
Node1*	16	A	1.00000	0.00000	0.00000	0.00000
Node1*	17	T	0.00000	0.00000	0.00000	1.00000
Node1*	18	G	0.00000	0.00000	1.00000	0.00000
Node1*	19	C	0.00000	1.00000	0.00000	0.00000
Node1*	20	T	0.00000	0.00000	0.00000	1.00000
Node2*	1	G	0.00000	0.00000	1.00000	0.00000
Node2*	2	A	1.00000	0.00000	0.00000	0.00000
Node2*	3	C	0.00000	1.00000	0.00000	0.00000
Node2*	4	A	1.00000	0.00000	0.00000	0.00000
Node2*	5	A	1.00000	0.00000	0.00000	0.00000
Node2*	6	A	0.47126	0.12524	0.37847	0.02503
Node2*	7	A	1.00000	0.00000	0.00000	0.00000
Node2*	8	C	0.00000	1.00000	0.00000	0.00000
Node2*	9	G	0.00000	0.00000	1.00000	0.00000
Node2*	10	T	0.00000	0.00000	0.00000	1.00000
Node2*	11	G	0.00000	0.00000	1.00000	0.00000
Node2*	12	G	0.00000	0.00000	1.00000	0.00000
Node2*	13	G	0.00000	0.00000	1.00000	0.00000
Node2*	14	A	0.99999	0.00000	0.00000	0.00000
Node2*	15	C	0.00000	1.00000	0.00000	0.00000
Node2*	16	A	1.00000	0.00000	0.00000	0.00000
Node2*	17	T	0.00000	0.00000	0.00000	1.00000
Node2*	18	A	1.00000	0.00000	0.00000	0.00000
Node2*	19	C	0.00000	1.00000	0.00000	0.00000
Node2*	20	C	0.00000	1.00000	0.00000	0.00000
Node4*	1	T	0.02869	0.32754	0.04076	0.60302
Node4*	2	C	0.34646	0.46850	0.16235	0.02270
Node4*	3	C	0.14159	0.70231	0.09428	0.06182
Node4*	4	G	0.21492	0.10811	0.67018	0.00679
Node4*	5	G	0.17040	0.03054	0.79802	0.00105
Node4*	6	G	0.13338	0.03655	0.82817	0.00191
Node4*	7	A	0.78156	0.08873	0.12413	0.00557
Node4*	8	T	0.00190	0.10240	0.00190	0.89380
Node4*	9	A	0.64891	0.03729	0.31252	0.00128
Node4*	10	C	0.01839	0.69866	0.01839	0.26456
Node4*	11	C	0.16235	0.46850	0.34646	0.02270
Node4*	12	G	0.18630	0.03159	0.78103	0.00109
Node4*	13	T	0.00809	0.16892	0.01150	0.81148
Node4*	14	T	0.04076	0.32754	0.02869	0.60302
Node4*	15	C	0.01777	0.67929	0.01777	0.28517
Node4*	16	C	0.06882	0.71708	0.04843	0.16568
Node4*	17	T	0.00210	0.11223	0.00210	0.88358
Node4*	18	G	0.19273	0.17721	0.60101	0.02905
Node4*	19	G	0.13357	0.24646	0.59184	0.02813
Node4*	20	T	0.05460	0.30047	0.01410	0.63083
Node1	1	C	0.09753	0.37376	0.17614	0.35257
Node1	2	A	0.45459	0.29900	0.20915	0.03726
Node1	3	C	0.13958	0.60708	0.11599	0.13735
Node1	4	G	0.39073	0.10997	0.48735	0.01195
Node1	5	G	0.36793	0.06898	0.55785	0.00524
Node1	6	G	0.26121	0.09086	0.63574	0.01219
Node1	7	A	0.72238	0.09026	0.17756	0.00981
Node1	8	T	0.01567	0.28176	0.01567	0.68691
Node1	9	A	0.47357	0.07020	0.45069	0.00554
Node1	10	T	0.02655	0.45404	0.02655	0.49285
Node1	11	G	0.20915	0.29900	0.45459	0.03726
Node1	12	G	0.21138	0.05946	0.72447	0.00469
Node1	13	T	0.06987	0.34317	0.12618	0.46078
Node1	14	C	0.17614	0.37376	0.09753	0.35257
Node1	15	C	0.05043	0.60044	0.05043	0.29870
Node1	16	C	0.25989	0.46799	0.14390	0.12822
Node1	17	T	0.00530	0.13514	0.00530	0.85425
Node1	18	G	0.37185	0.15173	0.44893	0.02749
Node1	19	G	0.18245	0.33955	0.41099	0.06701
Node1	20	A	0.69273	0.24120	0.02319	0.04288
