# Ancestral state reconstruction for all nodes in output.treefile
# This file can be read in MS Excel or in R with command:
#   tab=read.table('output.state',header=TRUE)
# Columns are tab-separated with following meaning:
#   Node:  Node name in the tree
#   Site:  Alignment site ID
#   State: Most likely state assignment
#   p_X:   Posterior probability for state X (empirical Bayesian method)
Node	Site	State	p_A	p_C	p_G	p_T
Node5*	1	A	0.99999	0.00000	0.00000	0.00000
Node5*	2	A	0.99999	0.00000	0.00000	0.00000
Node5*	3	T	0.00000	0.00000	0.00001	0.99999
Node5*	4	G	0.27273	0.12438	0.31493	0.28796
Node5*	5	T	0.00000	0.00000	0.00000	1.00000
Node5*	6	A	0.99999	0.00000	0.00001	0.00000
Node4*	1	A	0.99999	0.00001	0.00001	0.00000
Node4*	2	A	0.99999	0.00001	0.00000	0.00000
Node4*	3	T	0.00000	0.00000	0.00001	0.99999
Node4*	4	G	0.27273	0.12438	0.31492	0.28796
Node4*	5	T	0.00000	0.00000	0.00000	0.99999
Node4*	6	A	0.99999	0.00001	0.00001	0.00000
Node3*	1	G	0.24701	0.07112	0.43969	0.24218
Node3*	2	C	0.29508	0.47454	0.07513	0.15525
Node3*	3	G	0.26044	0.08784	0.40439	0.24732
Node3*	4	T	0.10551	0.15597	0.19668	0.54184
Node3*	5	A	0.57546	0.18354	0.16957	0.07144
Node3*	6	G	0.32219	0.09324	0.39678	0.18779
Node2*	1	G	0.24701	0.07112	0.43970	0.24218
Node2*	2	C	0.29508	0.47454	0.07513	0.15525
Node2*	3	G	0.26044	0.08784	0.40440	0.24732
Node2*	4	T	0.10550	0.15597	0.19668	0.54185
Node2*	5	A	0.57546	0.18354	0.16957	0.07144
Node2*	6	G	0.32219	0.09324	0.39678	0.18779
Node1	1	-	0.29168	0.19196	0.22562	0.29075
Node1	2	-	0.29292	0.22447	0.19936	0.28325
Node1	3	A	0.30918	0.20189	0.21876	0.27017
Node1	4	T	0.26996	0.20808	0.20912	0.31284
Node1	5	A	0.31276	0.21248	0.21069	0.26407
Node1	6	A	0.82160	0.07906	0.08878	0.01056
