POISSON
-19.0 1.0 1.0 1.0 1.0 1.0 1.0 1.0 1.0 1.0 1.0 1.0 1.0 1.0 1.0 1.0 1.0 1.0 1.0 1.0
1.0 -19.0 1.0 1.0 1.0 1.0 1.0 1.0 1.0 1.0 1.0 1.0 1.0 1.0 1.0 1.0 1.0 1.0 1.0 1.0
1.0 1.0 -19.0 1.0 1.0 1.0 1.0 1.0 1.0 1.0 1.0 1.0 1.0 1.0 1.0 1.0 1.0 1.0 1.0 1.0
1.0 1.0 1.0 -19.0 1.0 1.0 1.0 1.0 1.0 1.0 1.0 1.0 1.0 1.0 1.0 1.0 1.0 1.0 1.0 1.0
1.0 1.0 1.0 1.0 -19.0 1.0 1.0 1.0 1.0 1.0 1.0 1.0 1.0 1.0 1.0 1.0 1.0 1.0 1.0 1.0
1.0 1.0 1.0 1.0 1.0 -19.0 1.0 1.0 1.0 1.0 1.0 1.0 1.0 1.0 1.0 1.0 1.0 1.0 1.0 1.0
1.0 1.0 1.0 1.0 1.0 1.0 -19.0 1.0 1.0 1.0 1.0 1.0 1.0 1.0 1.0 1.0 1.0 1.0 1.0 1.0
1.0 1.0 1.0 1.0 1.0 1.0 1.0 -19.0 1.0 1.0 1.0 1.0 1.0 1.0 1.0 1.0 1.0 1.0 1.0 1.0
1.0 1.0 1.0 1.0 1.0 1.0 1.0 1.0 -19.0 1.0 1.0 1.0 1.0 1.0 1.0 1.0 1.0 1.0 1.0 1.0
1.0 1.0 1.0 1.0 1.0 1.0 1.0 1.0 1.0 -19.0 1.0 1.0 1.0 1.0 1.0 1.0 1.0 1.0 1.0 1.0
1.0 1.0 1.0 1.0 1.0 1.0 1.0 1.0 1.0 1.0 -19.0 1.0 1.0 1.0 1.0 1.0 1.0 1.0 1.0 1.0
1.0 1.0 1.0 1.0 1.0 1.0 1.0 1.0 1.0 1.0 1.0 -19.0 1.0 1.0 1.0 1.0 1.0 1.0 1.0 1.0
1.0 1.0 1.0 1.0 1.0 1.0 1.0 1.0 1.0 1.0 1.0 1.0 -19.0 1.0 1.0 1.0 1.0 1.0 1.0 1.0
1.0 1.0 1.0 1.0 1.0 1.0 1.0 1.0 1.0 1.0 1.0 1.0 1.0 -19.0 1.0 1.0 1.0 1.0 1.0 1.0
1.0 1.0 1.0 1.0 1.0 1.0 1.0 1.0 1.0 1.0 1.0 1.0 1.0 1.0 -19.0 1.0 1.0 1.0 1.0 1.0
1.0 1.0 1.0 1.0 1.0 1.0 1.0 1.0 1.0 1.0 1.0 1.0 1.0 1.0 1.0 -19.0 1.0 1.0 1.0 1.0
1.0 1.0 1.0 1.0 1.0 1.0 1.0 1.0 1.0 1.0 1.0 1.0 1.0 1.0 1.0 1.0 -19.0 1.0 1.0 1.0
1.0 1.0 1.0 1.0 1.0 1.0 1.0 1.0 1.0 1.0 1.0 1.0 1.0 1.0 1.0 1.0 1.0 -19.0 1.0 1.0
1.0 1.0 1.0 1.0 1.0 1.0 1.0 1.0 1.0 1.0 1.0 1.0 1.0 1.0 1.0 1.0 1.0 1.0 -19.0 1.0
1.0 1.0 1.0 1.0 1.0 1.0 1.0 1.0 1.0 1.0 1.0 1.0 1.0 1.0 1.0 1.0 1.0 1.0 1.0 -19.0

DAYHOFF
-2315.0 27.0 98.0 120.0 36.0 89.0 198.0 240.0 23.0 65.0 41.0 26.0 72.0 18.0 250.0 409.0 371.0 0.0 24.0 208.0
27.0 -1741.0 32.0 0.0 23.0 246.0 1.0 9.0 240.0 64.0 15.0 464.0 90.0 14.0 103.0 154.0 26.0 201.0 8.0 24.0
98.0 32.0 -3303.0 905.0 0.0 103.0 148.0 139.0 535.0 77.0 34.0 318.0 1.0 14.0 42.0 495.0 229.0 23.0 95.0 15.0
120.0 0.0 905.0 -2810.0 0.0 134.0 1153.0 125.0 86.0 24.0 0.0 71.0 0.0 0.0 13.0 95.0 66.0 0.0 0.0 18.0
36.0 23.0 0.0 0.0 -483.0 0.0 0.0 11.0 28.0 44.0 0.0 0.0 0.0 0.0 19.0 161.0 16.0 0.0 96.0 49.0
89.0 246.0 103.0 134.0 0.0 -2577.0 716.0 28.0 606.0 18.0 73.0 153.0 114.0 0.0 153.0 56.0 53.0 0.0 0.0 35.0
198.0 1.0 148.0 1153.0 0.0 716.0 -2748.0 81.0 43.0 61.0 11.0 83.0 30.0 0.0 51.0 79.0 34.0 0.0 22.0 37.0
240.0 9.0 139.0 125.0 11.0 28.0 81.0 -1061.0 10.0 0.0 7.0 27.0 17.0 15.0 34.0 234.0 30.0 0.0 0.0 54.0
23.0 240.0 535.0 86.0 28.0 606.0 43.0 10.0 -2045.0 7.0 44.0 26.0 0.0 48.0 94.0 35.0 22.0 27.0 127.0 44.0
65.0 64.0 77.0 24.0 44.0 18.0 61.0 0.0 7.0 -2349.0 257.0 46.0 336.0 196.0 12.0 24.0 192.0 0.0 37.0 889.0
41.0 15.0 34.0 0.0 0.0 73.0 11.0 7.0 44.0 257.0 -1515.0 18.0 527.0 157.0 32.0 17.0 33.0 46.0 28.0 175.0
26.0 464.0 318.0 71.0 0.0 153.0 83.0 27.0 26.0 46.0 18.0 -1763.0 243.0 0.0 33.0 96.0 136.0 0.0 13.0 10.0
72.0 90.0 1.0 0.0 0.0 114.0 30.0 17.0 0.0 336.0 527.0 243.0 -1963.0 92.0 17.0 62.0 104.0 0.0 0.0 258.0
18.0 14.0 14.0 0.0 0.0 0.0 0.0 15.0 48.0 196.0 157.0 0.0 92.0 -1410.0 11.0 46.0 13.0 76.0 698.0 12.0
250.0 103.0 42.0 13.0 19.0 153.0 51.0 34.0 94.0 12.0 32.0 33.0 17.0 11.0 -1235.0 245.0 78.0 0.0 0.0 48.0
409.0 154.0 495.0 95.0 161.0 56.0 79.0 234.0 35.0 24.0 17.0 96.0 62.0 46.0 245.0 -2897.0 550.0 75.0 34.0 30.0
371.0 26.0 229.0 66.0 16.0 53.0 34.0 30.0 22.0 192.0 33.0 136.0 104.0 13.0 78.0 550.0 -2152.0 0.0 42.0 157.0
0.0 201.0 23.0 0.0 0.0 0.0 0.0 0.0 27.0 0.0 46.0 0.0 0.0 76.0 0.0 75.0 0.0 -509.0 61.0 0.0
24.0 8.0 95.0 0.0 96.0 0.0 22.0 0.0 127.0 37.0 28.0 13.0 0.0 698.0 0.0 34.0 42.0 61.0 -1313.0 28.0
208.0 24.0 15.0 18.0 49.0 35.0 37.0 54.0 44.0 889.0 175.0 10.0 258.0 12.0 48.0 30.0 157.0 0.0 28.0 -2091.0

DCMUT
-2301.7091 26.7828 98.4474 119.9805 36.0016 88.7753 196.1167 238.6111 22.8116 65.3416 40.6431 25.8635 71.784 18.3641 248.592 405.187 368.0365 0.0 24.4139 205.9564
26.7828 -1731.4446000000003 32.7059 0.0 23.2374 243.9939 0.0 8.7791 238.3148 63.2629 15.4924 461.0124 89.6321 13.6906 102.8313 153.159 26.5745 200.1375 7.8012 24.0368
98.4474 32.7059 -3274.3161 893.1515 0.0 102.8509 149.3409 138.5352 529.0024 76.8024 34.1113 314.8371 0.0 13.8503 41.9244 488.5892 227.1697 22.4968 94.694 15.8067
119.9805 0.0 893.1515 -2786.3196000000003 0.0 134.8551 1138.8659 124.0981 86.8241 23.9248 0.0 71.6913 0.0 0.0 13.394 95.6097 66.093 0.0 0.0 17.8316
36.0016 23.2374 0.0 0.0 -480.6585 0.0 0.0 10.7278 28.2729 43.8074 0.0 0.0 0.0 0.0 18.755 159.8356 16.2366 0.0 95.3164 48.4678
88.7753 243.9939 102.8509 134.8551 0.0 -2560.236 708.6022 28.1581 601.1613 18.0393 73.0772 151.9078 112.7499 0.0 152.6188 56.1828 52.5651 0.0 0.0 34.6983
196.1167 0.0 149.3409 1138.8659 0.0 708.6022 -2726.1045000000004 81.1907 43.9469 60.9526 11.288 83.0078 30.4803 0.0 50.7003 79.3999 34.0156 0.0 21.4717 36.725
238.6111 8.7791 138.5352 124.0981 10.7278 28.1581 81.1907 -1058.5073 10.6802 0.0 7.1514 26.7683 17.0372 15.3478 34.7153 232.2243 30.6662 0.0 0.0 53.8165
22.8116 238.3148 529.0024 86.8241 28.2729 601.1613 43.9469 10.6802 -2036.5393 7.6981 44.3504 27.0475 0.0 47.5927 93.3709 35.3643 22.6333 27.0564 126.54 43.8715
65.3416 63.2629 76.8024 23.9248 43.8074 18.0393 60.9526 0.0 7.6981 -2335.3234 255.6685 46.0857 333.2732 195.1951 11.9152 24.7955 190.0739 0.0 37.4834 881.0038
40.6431 15.4924 34.1113 0.0 0.0 73.0772 11.288 7.1514 44.3504 255.6685 -1510.6010999999999 18.0629 523.0115 156.516 31.6258 17.1432 33.109 46.1776 28.6572 174.5156
25.8635 461.0124 314.8371 71.6913 0.0 151.9078 83.0078 26.7683 27.0475 46.0857 18.0629 -1755.1149 241.1739 0.0 33.5419 95.4557 135.0599 0.0 13.2142 10.385
71.784 89.6321 0.0 0.0 0.0 112.7499 30.4803 17.0372 0.0 333.2732 523.0115 241.1739 -1950.0926 92.186 17.0205 61.9951 103.1534 0.0 0.0 256.5955
18.3641 13.6906 13.8503 0.0 0.0 0.0 0.0 15.3478 47.5927 195.1951 156.516 0.0 92.186 -1407.3076999999998 11.0506 45.9901 13.6655 76.2354 695.2629 12.3606
248.592 102.8313 41.9244 13.394 18.755 152.6188 50.7003 34.7153 93.3709 11.9152 31.6258 33.5419 17.0205 11.0506 -1231.5644999999997 242.7202 78.2857 0.0 0.0 48.5026
405.187 153.159 488.5892 95.6097 159.8356 56.1828 79.3999 232.2243 35.3643 24.7955 17.1432 95.4557 61.9951 45.9901 242.7202 -2875.413400000001 543.6674 74.0819 33.6289 30.3836
368.0365 26.5745 227.1697 66.093 16.2366 52.5651 34.0156 30.6662 22.6333 190.0739 33.109 135.0599 103.1534 13.6655 78.2857 543.6674 -2138.9889 0.0 41.7839 156.1997
0.0 200.1375 22.4968 0.0 0.0 0.0 0.0 0.0 27.0564 0.0 46.1776 0.0 0.0 76.2354 0.0 74.0819 0.0 -506.9926 60.807 0.0
24.4139 7.8012 94.694 0.0 95.3164 0.0 21.4717 0.0 126.54 37.4834 28.6572 13.2142 0.0 695.2629 0.0 33.6289 41.7839 60.807 -1309.0125999999998 27.9379
205.9564 24.0368 15.8067 17.8316 48.4678 34.6983 36.725 53.8165 43.8715 881.0038 174.5156 10.385 256.5955 12.3606 48.5026 30.3836 156.1997 0.0 27.9379 -2079.0949

JTT
-2152.0 58.0 54.0 81.0 56.0 57.0 105.0 179.0 27.0 36.0 30.0 35.0 54.0 15.0 194.0 378.0 475.0 9.0 11.0 298.0
58.0 -2193.0 45.0 16.0 113.0 310.0 29.0 137.0 328.0 22.0 38.0 646.0 44.0 5.0 74.0 101.0 64.0 126.0 20.0 17.0
54.0 45.0 -2483.0 528.0 34.0 86.0 58.0 81.0 391.0 47.0 12.0 263.0 30.0 10.0 15.0 503.0 232.0 8.0 70.0 16.0
81.0 16.0 528.0 -1949.0 10.0 49.0 767.0 130.0 112.0 11.0 7.0 26.0 15.0 4.0 15.0 59.0 38.0 4.0 46.0 31.0
56.0 113.0 34.0 10.0 -1176.0 9.0 5.0 59.0 69.0 17.0 23.0 7.0 31.0 78.0 14.0 223.0 42.0 115.0 209.0 62.0
57.0 310.0 86.0 49.0 9.0 -2207.0 323.0 26.0 597.0 9.0 72.0 292.0 43.0 4.0 164.0 53.0 51.0 18.0 24.0 20.0
105.0 29.0 58.0 767.0 5.0 323.0 -1799.0 119.0 26.0 12.0 9.0 181.0 18.0 5.0 18.0 30.0 32.0 10.0 7.0 45.0
179.0 137.0 81.0 130.0 59.0 26.0 119.0 -1180.0 23.0 6.0 6.0 27.0 14.0 5.0 24.0 201.0 33.0 55.0 8.0 47.0
27.0 328.0 391.0 112.0 69.0 597.0 26.0 23.0 -2589.0 16.0 56.0 45.0 33.0 40.0 115.0 73.0 46.0 8.0 573.0 11.0
36.0 22.0 47.0 11.0 17.0 9.0 12.0 6.0 16.0 -2291.0 229.0 21.0 479.0 89.0 10.0 40.0 245.0 9.0 32.0 961.0
30.0 38.0 12.0 7.0 23.0 72.0 9.0 6.0 56.0 229.0 -1574.0 14.0 388.0 248.0 102.0 59.0 25.0 52.0 24.0 180.0
35.0 646.0 263.0 26.0 7.0 292.0 181.0 27.0 45.0 21.0 14.0 -1829.0 65.0 4.0 21.0 47.0 103.0 10.0 8.0 14.0
54.0 44.0 30.0 15.0 31.0 43.0 18.0 14.0 33.0 479.0 388.0 65.0 -1893.0 43.0 16.0 29.0 226.0 24.0 18.0 323.0
15.0 5.0 10.0 4.0 78.0 4.0 5.0 5.0 40.0 89.0 248.0 4.0 43.0 -1322.0 17.0 92.0 12.0 53.0 536.0 62.0
194.0 74.0 15.0 15.0 14.0 164.0 18.0 24.0 115.0 10.0 102.0 21.0 16.0 17.0 -1241.0 285.0 118.0 6.0 10.0 23.0
378.0 101.0 503.0 59.0 223.0 53.0 30.0 201.0 73.0 40.0 59.0 47.0 29.0 92.0 285.0 -2786.0 477.0 35.0 63.0 38.0
475.0 64.0 232.0 38.0 42.0 51.0 32.0 33.0 46.0 245.0 25.0 103.0 226.0 12.0 118.0 477.0 -2364.0 12.0 21.0 112.0
9.0 126.0 8.0 4.0 115.0 18.0 10.0 55.0 8.0 9.0 52.0 10.0 24.0 53.0 6.0 35.0 12.0 -650.0 71.0 25.0
11.0 20.0 70.0 46.0 209.0 24.0 7.0 8.0 573.0 32.0 24.0 8.0 18.0 536.0 10.0 63.0 21.0 71.0 -1767.0 16.0
298.0 17.0 16.0 31.0 62.0 20.0 45.0 47.0 11.0 961.0 180.0 14.0 323.0 62.0 23.0 38.0 112.0 25.0 16.0 -2301.0

MTREV
-1678.9 23.18 26.95 17.67 59.93 1.9 9.77 120.71 13.9 96.49 25.46 8.36 141.88 6.37 54.31 387.86 480.72 1.9 6.48 195.06
23.18 -781.5200000000001 13.24 1.9 103.33 220.99 1.9 23.03 165.23 1.9 15.58 141.4 1.9 4.69 23.64 6.04 2.08 21.95 1.9 7.64
26.95 13.24 -3421.2200000000003 794.38 58.94 173.56 63.05 53.3 496.13 27.1 15.16 608.7 65.41 15.2 73.31 494.39 238.46 10.68 191.36 1.9
17.67 1.9 794.38 -1794.2999999999997 1.9 55.28 583.55 56.77 113.99 4.34 1.9 2.31 1.9 4.98 13.43 69.02 28.01 19.86 21.21 1.9
59.93 103.33 58.94 1.9 -1419.25 75.24 1.9 30.71 141.49 62.73 25.65 1.9 6.18 70.8 31.26 277.05 179.97 33.6 254.77 1.9
1.9 220.99 173.56 55.28 75.24 -2355.8300000000004 313.56 6.75 582.4 8.34 39.7 465.58 47.37 19.11 137.29 54.11 94.93 1.9 38.82 19.0
9.77 1.9 63.05 583.55 1.9 313.56 -1493.29 28.28 49.12 3.31 1.9 313.86 1.9 2.67 12.83 54.71 14.82 1.9 13.12 21.14
120.71 23.03 53.3 56.77 30.71 6.75 28.28 -512.03 1.9 5.98 2.41 22.73 1.9 1.9 1.9 125.93 11.17 10.92 3.21 2.53
13.9 165.23 496.13 113.99 141.49 582.4 49.12 1.9 -2638.04 12.26 11.49 127.67 11.97 48.16 60.97 77.46 44.78 7.08 670.14 1.9
96.49 1.9 27.1 4.34 62.73 8.34 3.31 5.98 12.26 -2860.3700000000003 329.09 19.57 517.98 84.67 20.63 47.7 368.43 1.9 25.01 1222.94
25.46 15.58 15.16 1.9 25.65 39.7 1.9 2.41 11.49 329.09 -1645.1800000000003 14.88 537.53 216.06 40.1 73.61 126.4 32.44 44.15 91.67
8.36 141.4 608.7 2.31 1.9 465.58 313.86 22.73 127.67 19.57 14.88 -2194.06 91.37 6.44 50.1 105.79 136.33 24.0 51.17 1.9
141.88 1.9 65.41 1.9 6.18 47.37 1.9 1.9 11.97 517.98 537.53 91.37 -2625.4900000000002 90.82 18.84 111.16 528.17 21.71 39.96 387.54
6.37 4.69 15.2 4.98 70.8 19.11 2.67 1.9 48.16 84.67 216.06 6.44 90.82 -1167.09 17.31 64.29 33.85 7.84 465.58 6.35
54.31 23.64 73.31 13.43 31.26 137.29 12.83 1.9 60.97 20.63 40.1 50.1 18.84 17.31 -882.6900000000002 169.9 128.22 4.21 16.21 8.23
387.86 6.04 494.39 69.02 277.05 54.11 54.71 125.93 77.46 47.7 73.61 105.79 111.16 64.29 169.9 -2821.63 597.21 38.58 64.92 1.9
480.72 2.08 238.46 28.01 179.97 94.93 14.82 11.17 44.78 368.43 126.4 136.33 528.17 33.85 128.22 597.21 -3266.81 9.99 38.73 204.54
1.9 21.95 10.68 19.86 33.6 1.9 1.9 10.92 7.08 1.9 32.44 24.0 21.71 7.84 4.21 38.58 9.99 -282.08 26.25 5.37
6.48 1.9 191.36 21.21 254.77 38.82 13.12 3.21 670.14 25.01 44.15 51.17 39.96 465.58 16.21 64.92 38.73 26.25 -1974.89 1.9
195.06 7.64 1.9 1.9 1.9 19.0 21.14 2.53 1.9 1222.94 91.67 1.9 387.54 6.35 8.23 1.9 204.54 5.37 1.9 -2185.3100000000004

WAG
-1894.4411999999998 55.1571 50.9848 73.8998 102.704 90.8598 158.285 141.672 31.6954 19.3335 39.7915 90.6265 89.3496 21.0494 143.855 337.079 212.111 11.3133 24.0735 200.601
55.1571 -1913.6221 63.5346 14.7304 52.8191 303.55 43.9157 58.4665 213.715 18.6979 49.7671 535.142 68.3162 10.2711 67.9489 122.419 55.4413 116.392 38.1533 25.1849
50.9848 63.5346 -2595.82488 542.942 26.5256 154.364 94.7198 112.556 395.629 55.4236 13.1528 301.201 19.8221 9.61621 19.5081 397.423 203.006 7.19167 108.6 19.6246
73.8998 14.7304 542.942 -1816.6224 3.02949 61.6783 617.416 86.5584 93.0676 3.9437 8.48047 47.9855 10.3754 4.67304 42.3984 107.176 37.4866 12.9767 32.5711 15.2335
102.704 52.8191 26.5256 3.02949 -823.6646699999999 9.88179 2.1352 30.6674 24.8972 17.0135 38.4287 7.40339 39.0482 39.802 10.9404 140.766 51.2984 71.707 54.3833 100.214
90.8598 303.55 154.364 61.6783 9.88179 -2638.5355700000005 546.947 33.0052 429.411 11.3917 86.9489 389.49 154.526 9.99208 93.3372 102.887 85.7928 21.5737 22.771 30.1281
158.285 43.9157 94.7198 617.416 2.1352 546.947 -2218.5924899999995 56.7717 57.0025 12.7395 15.4263 258.443 31.5124 8.11339 68.2355 70.4939 82.2765 15.6557 19.6303 58.8731
141.672 58.4665 112.556 86.5584 30.6674 33.0052 56.7717 -857.4781800000001 24.941 3.04501 6.13037 37.3558 17.41 4.9931 24.357 134.182 22.5833 33.6983 10.3604 18.7247
31.6954 213.715 395.629 93.0676 24.8972 429.411 57.0025 24.941 -2147.9223999999995 13.819 49.9462 89.0432 40.4141 67.9371 69.6198 74.0169 47.3307 26.2569 387.344 11.8358
19.3335 18.6979 55.4236 3.9437 17.0135 11.3917 12.7395 3.04501 13.819 -2069.72879 317.097 32.3832 425.746 105.947 9.99288 31.944 145.816 21.2483 42.017 782.13
39.7915 49.7671 13.1528 8.48047 38.4287 86.9489 15.4263 6.13037 49.9462 317.097 -1742.9910399999999 25.7555 485.402 211.517 41.5844 34.4739 32.6622 66.5309 39.8618 180.034
90.6265 535.142 301.201 47.9855 7.40339 389.49 258.443 37.3558 89.0432 32.3832 25.7555 -2265.8611899999996 93.4276 8.8836 55.6896 96.713 138.698 13.7505 13.3264 30.5434
89.3496 68.3162 19.8221 10.3754 39.0482 154.526 31.5124 17.41 40.4141 425.746 485.402 93.4276 -2112.8073 119.063 17.1329 49.3905 151.612 51.5706 42.8437 205.845
21.0494 10.2711 9.61621 4.67304 39.802 9.99208 8.11339 4.9931 67.9371 105.947 211.517 8.8836 119.063 -1573.1670199999999 16.1444 54.5931 17.1903 152.964 645.428 64.9892
143.855 67.9489 19.5081 42.3984 10.9404 93.3372 68.2355 24.357 69.6198 9.99288 41.5844 55.6896 17.1329 16.1444 -988.6446800000001 161.328 79.5384 13.9405 21.6046 31.4887
337.079 122.419 397.423 107.176 140.766 102.887 70.4939 134.182 74.0169 31.944 34.4739 96.713 49.3905 54.5931 161.328 -2507.0347 437.802 52.3742 78.6993 23.2739
212.111 55.4413 203.006 37.4866 51.2984 85.7928 82.2765 22.5833 47.3307 145.816 32.6622 138.698 151.612 17.1903 79.5384 437.802 -1979.6697000000001 11.0864 29.1148 138.823
11.3133 116.392 7.19167 12.9767 71.707 21.5737 15.6557 33.6983 26.2569 21.2483 66.5309 13.7505 51.5706 152.964 13.9405 52.3742 11.0864 -985.30657 248.539 36.5369
24.0735 38.1533 108.6 32.5711 54.3833 22.771 19.6303 10.3604 387.344 42.017 39.8618 13.3264 42.8437 645.428 21.6046 78.6993 29.1148 248.539 -1890.7945 31.473
200.601 25.1849 19.6246 15.2335 100.214 30.1281 58.8731 18.7247 11.8358 782.13 180.034 30.5434 205.845 64.9892 31.4887 23.2739 138.823 36.5369 31.473 -2005.5568

RTREV
-2204.0 34.0 51.0 10.0 439.0 32.0 81.0 135.0 30.0 1.0 45.0 38.0 235.0 1.0 97.0 460.0 258.0 5.0 55.0 197.0
34.0 -1531.0 35.0 30.0 92.0 221.0 10.0 41.0 90.0 24.0 18.0 593.0 57.0 7.0 24.0 102.0 64.0 13.0 47.0 29.0
51.0 35.0 -2090.0 384.0 128.0 236.0 79.0 94.0 320.0 35.0 15.0 123.0 1.0 49.0 33.0 294.0 148.0 16.0 28.0 21.0
10.0 30.0 384.0 -1479.0 1.0 78.0 542.0 61.0 91.0 1.0 5.0 20.0 1.0 1.0 55.0 136.0 55.0 1.0 1.0 6.0
439.0 92.0 128.0 1.0 -2033.0 70.0 1.0 48.0 124.0 104.0 110.0 16.0 156.0 70.0 1.0 75.0 117.0 55.0 131.0 295.0
32.0 221.0 236.0 78.0 70.0 -2499.0 372.0 18.0 387.0 33.0 54.0 309.0 158.0 1.0 68.0 225.0 146.0 10.0 45.0 36.0
81.0 10.0 79.0 542.0 1.0 372.0 -1636.0 70.0 34.0 1.0 21.0 141.0 1.0 1.0 52.0 95.0 82.0 17.0 1.0 35.0
135.0 41.0 94.0 61.0 48.0 18.0 70.0 -836.0 68.0 1.0 3.0 30.0 37.0 7.0 17.0 152.0 7.0 23.0 21.0 3.0
30.0 90.0 320.0 91.0 124.0 387.0 34.0 68.0 -2194.0 34.0 51.0 76.0 116.0 141.0 44.0 183.0 49.0 48.0 307.0 1.0
1.0 24.0 35.0 1.0 104.0 33.0 1.0 1.0 34.0 -2291.0 385.0 34.0 375.0 64.0 10.0 4.0 72.0 39.0 26.0 1048.0
45.0 18.0 15.0 5.0 110.0 54.0 21.0 3.0 51.0 385.0 -1784.0 23.0 581.0 179.0 22.0 24.0 25.0 47.0 64.0 112.0
38.0 593.0 123.0 20.0 16.0 309.0 141.0 30.0 76.0 34.0 23.0 -1807.0 134.0 14.0 43.0 77.0 110.0 6.0 1.0 19.0
235.0 57.0 1.0 1.0 156.0 158.0 1.0 37.0 116.0 375.0 581.0 134.0 -2653.0 247.0 1.0 1.0 131.0 111.0 74.0 236.0
1.0 7.0 49.0 1.0 70.0 1.0 1.0 7.0 141.0 64.0 179.0 14.0 247.0 -2173.0 11.0 20.0 69.0 182.0 1017.0 92.0
97.0 24.0 33.0 55.0 1.0 68.0 52.0 17.0 44.0 10.0 22.0 43.0 1.0 11.0 -722.0 134.0 62.0 9.0 14.0 25.0
460.0 102.0 294.0 136.0 75.0 225.0 95.0 152.0 183.0 4.0 24.0 77.0 1.0 20.0 134.0 -2737.0 671.0 14.0 31.0 39.0
258.0 64.0 148.0 55.0 117.0 146.0 82.0 7.0 49.0 72.0 25.0 110.0 131.0 69.0 62.0 671.0 -2297.0 1.0 34.0 196.0
5.0 13.0 16.0 1.0 55.0 10.0 17.0 23.0 48.0 39.0 47.0 6.0 111.0 182.0 9.0 14.0 1.0 -799.0 176.0 26.0
55.0 47.0 28.0 1.0 131.0 45.0 1.0 21.0 307.0 26.0 64.0 1.0 74.0 1017.0 14.0 31.0 34.0 176.0 -2132.0 59.0
197.0 29.0 21.0 6.0 295.0 36.0 35.0 3.0 1.0 1048.0 112.0 19.0 236.0 92.0 25.0 39.0 196.0 26.0 59.0 -2475.0

CPREV
-8702.0 105.0 227.0 175.0 669.0 157.0 499.0 665.0 66.0 145.0 197.0 236.0 185.0 68.0 490.0 2440.0 1340.0 14.0 56.0 968.0
105.0 -10613.0 357.0 43.0 823.0 1745.0 152.0 243.0 715.0 136.0 203.0 4482.0 125.0 53.0 87.0 385.0 314.0 230.0 323.0 92.0
227.0 357.0 -16835.0 4435.0 538.0 768.0 1055.0 653.0 1405.0 168.0 113.0 2430.0 61.0 97.0 173.0 2085.0 1393.0 40.0 754.0 83.0
175.0 43.0 4435.0 -11417.0 10.0 400.0 3691.0 431.0 331.0 10.0 10.0 412.0 47.0 22.0 170.0 590.0 266.0 18.0 281.0 75.0
669.0 823.0 538.0 10.0 -10098.0 10.0 10.0 303.0 441.0 280.0 396.0 48.0 159.0 726.0 285.0 2331.0 576.0 435.0 1466.0 592.0
157.0 1745.0 768.0 400.0 10.0 -12965.0 3122.0 133.0 1269.0 92.0 286.0 3313.0 202.0 10.0 323.0 396.0 241.0 53.0 391.0 54.0
499.0 152.0 1055.0 3691.0 10.0 3122.0 -13714.0 379.0 162.0 148.0 82.0 2629.0 113.0 145.0 185.0 568.0 369.0 63.0 142.0 200.0
665.0 243.0 653.0 431.0 303.0 133.0 379.0 -4189.0 19.0 40.0 20.0 263.0 21.0 25.0 28.0 691.0 92.0 82.0 10.0 91.0
66.0 715.0 1405.0 331.0 441.0 1269.0 162.0 19.0 -7497.0 29.0 66.0 305.0 10.0 127.0 152.0 303.0 32.0 69.0 1971.0 25.0
145.0 136.0 168.0 10.0 280.0 92.0 148.0 40.0 29.0 -11665.0 1745.0 345.0 1772.0 454.0 117.0 216.0 1040.0 42.0 89.0 4797.0
197.0 203.0 113.0 10.0 396.0 286.0 82.0 20.0 66.0 1745.0 -8059.0 218.0 1351.0 1268.0 219.0 516.0 156.0 159.0 189.0 865.0
236.0 4482.0 2430.0 412.0 48.0 3313.0 2629.0 263.0 305.0 345.0 218.0 -17540.0 193.0 72.0 302.0 868.0 918.0 10.0 247.0 249.0
185.0 125.0 61.0 47.0 159.0 202.0 113.0 21.0 10.0 1772.0 1351.0 193.0 -6180.0 327.0 100.0 93.0 645.0 86.0 215.0 475.0
68.0 53.0 97.0 22.0 726.0 10.0 145.0 25.0 127.0 454.0 1268.0 72.0 327.0 -7227.0 43.0 487.0 148.0 468.0 2370.0 317.0
490.0 87.0 173.0 170.0 285.0 323.0 185.0 28.0 152.0 117.0 219.0 302.0 100.0 43.0 -4404.0 1202.0 260.0 49.0 97.0 122.0
2440.0 385.0 2085.0 590.0 2331.0 396.0 568.0 691.0 303.0 216.0 516.0 868.0 93.0 487.0 1202.0 -16084.0 2151.0 73.0 522.0 167.0
1340.0 314.0 1393.0 266.0 576.0 241.0 369.0 92.0 32.0 1040.0 156.0 918.0 645.0 148.0 260.0 2151.0 -10801.0 29.0 71.0 760.0
14.0 230.0 40.0 18.0 435.0 53.0 63.0 82.0 69.0 42.0 159.0 10.0 86.0 468.0 49.0 73.0 29.0 -2276.0 346.0 10.0
56.0 323.0 754.0 281.0 1466.0 391.0 142.0 10.0 1971.0 89.0 189.0 247.0 215.0 2370.0 97.0 522.0 71.0 346.0 -9659.0 119.0
968.0 92.0 83.0 75.0 592.0 54.0 200.0 91.0 25.0 4797.0 865.0 249.0 475.0 317.0 122.0 167.0 760.0 10.0 119.0 -10061.0

VT
-41.39929871854554 1.2412691067876198 1.2184237953498958 1.3759368509441177 2.4731223087544874 2.215516780513747 2.337991120749506 3.3386555146457697 0.9615841926910841 0.890820306192551 1.0778497408764076 1.4932055816372476 1.9006455961717605 0.6883439026872615 2.735562008995355 6.420896185914288 5.289251416977644 0.548857847810693 0.5411769916657778 4.650189469180321
1.2412691067876198 -38.82665788763244 1.572077075332688 0.7550654439001206 1.4414262567428417 5.512081970524868 1.3542404860613146 1.3121700301622004 4.923866828394527 0.4323005487925516 0.8386701149158265 10.017330817366002 1.2488638689609959 0.422494519727629 1.3091837782420783 1.9202994262316166 1.33634017405606 1.517014215396284 0.8912614404565405 0.7807017855806767
1.2184237953498958 1.572077075332688 -44.88187126644938 7.8584219153689405 0.9784679122774127 3.014320167092482 2.009343477839811 2.411763289886181 6.197438497788411 0.917929117533152 0.4098311270816011 4.403454757896257 0.9378803706165143 0.5044944273324311 0.7103720531974738 6.123451239680176 3.885250610592223 0.1808525752605976 1.0894926581511342 0.4586061981719967
1.3759368509441177 0.7550654439001206 7.8584219153689405 -34.4704556525048 0.2272488448121475 1.656249563817604 9.688345187568506 1.9142079025990228 2.145964061013378 0.2161660372725585 0.3574207468998517 1.4521790561663968 0.4075239926000898 0.1675129724559251 1.0714605979577547 2.216194459674183 1.5066839872944762 0.249658418815177 0.7447620891784513 0.4594535241660911
2.4731223087544874 1.4414262567428417 0.9784679122774127 0.2272488448121475 -26.101925505907342 0.4587469126746136 0.4519167943192672 1.1034605684472507 1.5196756759380692 0.9126668032539315 1.4081315998413697 0.3371091785647479 1.2213054800811556 1.6953951980808002 0.4326227078645523 3.6366815408744255 1.7557065205837685 1.6275179891253113 2.1579775140421025 2.262745699629089
2.215516780513747 5.512081970524868 3.014320167092482 1.656249563817604 0.4587469126746136 -47.91116375855695 6.8124601839937675 0.8776110594765502 7.9943228564946525 0.4882733432879921 1.3318097154194044 6.051908524311881 1.9106190827629084 0.3573432522499545 2.301917772830073 2.319370364323722 2.157651010347144 0.8959082681546182 0.9183596801412757 0.6366932501396869
2.337991120749506 1.3542404860613146 2.009343477839811 9.688345187568506 0.4519167943192672 6.8124601839937675 -38.76920059593356 1.3860121390169038 1.6360079688522375 0.4035497929633328 0.5610717242294755 4.329008652958283 0.7471936218068498 0.2317194387691585 1.5132807416252063 1.8273535587773553 1.583998170858469 0.4198391148111098 0.5818111331782764 0.894057287554733
3.3386555146457697 1.3121700301622004 2.411763289886181 1.9142079025990228 1.1034605684472507 0.8776110594765502 1.3860121390169038 -22.15086323068497 0.8561248973045037 0.2888075033037488 0.3578662395745526 0.8945563662345198 0.5954812791740037 0.369372264098046 0.7744933618134962 3.063777619371761 0.7147489676267383 0.9349753595598769 0.3374467649724478 0.6193321034173915
0.9615841926910841 4.923866828394527 6.197438497788411 2.145964061013378 1.5196756759380692 7.9943228564946525 1.6360079688522375 0.8561248973045037 -46.785571170715905 0.578793711540794 1.0765007949562073 1.8085136096039203 1.3808291710019667 1.3629765501081097 1.837055585207065 1.9699895187387506 1.6136654573285647 0.6301954684360302 7.758744230914604 0.5333220944030346
0.890820306192551 0.4323005487925516 0.917929117533152 0.2161660372725585 0.9126668032539315 0.4882733432879921 0.4035497929633328 0.2888075033037488 0.578793711540794 -40.818311735958744 6.001911025842636 0.6244297525127139 6.759789977204542 2.2864286949316077 0.4811402387911145 0.6047491507504744 2.634477838444273 0.5604648274060783 0.8626796044156272 14.872933461519061
1.0778497408764076 0.8386701149158265 0.4098311270816011 0.3574207468998517 1.4081315998413697 1.3318097154194044 0.5610717242294755 0.3578662395745526 1.0765007949562073 6.001911025842636 -35.61158226874082 0.5642322882556321 8.032779294742115 4.361154806355578 1.0084320519837335 0.8953754669269811 1.019200437250654 1.518311443467934 1.2452243224541324 3.5458093276667237
1.4932055816372476 10.017330817366002 4.403454757896257 1.4521790561663968 0.3371091785647479 6.051908524311881 4.329008652958283 0.8945563662345198 1.8085136096039203 0.6244297525127139 0.5642322882556321 -42.14973125321744 1.7129670976916258 0.3910559903834828 1.3918935593582853 1.9776630140912268 2.551378131266028 0.5851920879490173 0.7835447533710449 0.7801080335991272
1.9006455961717605 1.2488638689609959 0.9378803706165143 0.4075239926000898 1.2213054800811556 1.9106190827629084 0.7471936218068498 0.5954812791740037 1.3808291710019667 6.759789977204542 8.032779294742115 1.7129670976916258 -40.71635479790785 2.320137354629635 0.4953193808676289 1.0657482318076852 3.3628488360462363 1.4680478689711018 1.089916577095682 4.05845771567534
0.6883439026872615 0.422494519727629 0.5044944273324311 0.1675129724559251 1.6953951980808002 0.3573432522499545 0.2317194387691585 0.369372264098046 1.3629765501081097 2.2864286949316077 4.361154806355578 0.3910559903834828 2.320137354629635 -32.76296765293193 0.3746821107962129 1.1079144700606407 0.6882725908872254 3.3448437239772266 10.384852333133459 1.7039730522675411
2.735562008995355 1.3091837782420783 0.7103720531974738 1.0714605979577547 0.4326227078645523 2.301917772830073 1.5132807416252063 0.7744933618134962 1.837055585207065 0.4811402387911145 1.0084320519837335 1.3918935593582853 0.4953193808676289 0.3746821107962129 -23.445611694613866 3.5465914843628927 1.9485376673137556 0.4326058001438786 0.4819109019647465 0.5985498912985666
6.420896185914288 1.9202994262316166 6.123451239680176 2.216194459674183 3.6366815408744255 2.319370364323722 1.8273535587773553 3.063777619371761 1.9699895187387506 0.6047491507504744 0.8953754669269811 1.9776630140912268 1.0657482318076852 1.1079144700606407 3.5465914843628927 -50.10841293920367 8.847998406124818 0.6791126595939816 0.9547229305958682 0.9305232113028208
5.289251416977644 1.33634017405606 3.885250610592223 1.5066839872944762 1.7557065205837685 2.157651010347144 1.583998170858469 0.7147489676267383 1.6136654573285647 2.634477838444273 1.019200437250654 2.551378131266028 3.3628488360462363 0.6882725908872254 1.9485376673137556 8.847998406124818 -45.628083796491396 0.4514203099376473 0.8564314184691215 3.4242218450865543
0.548857847810693 1.517014215396284 0.1808525752605976 0.249658418815177 1.6275179891253113 0.8959082681546182 0.4198391148111098 0.9349753595598769 0.6301954684360302 0.5604648274060783 1.518311443467934 0.5851920879490173 1.4680478689711018 3.3448437239772266 0.4326058001438786 0.6791126595939816 0.4514203099376473 -21.148438482760366 4.537723579040539 0.5658969249032649
0.5411769916657778 0.8912614404565405 1.0894926581511342 0.7447620891784513 2.1579775140421025 0.9183596801412757 0.5818111331782764 0.3374467649724478 7.758744230914604 0.8626796044156272 1.2452243224541324 0.7835447533710449 1.089916577095682 10.384852333133459 0.4819109019647465 0.9547229305958682 0.8564314184691215 4.537723579040539 -37.218038923240826 1.0
4.650189469180321 0.7807017855806767 0.4586061981719967 0.4594535241660911 2.262745699629089 0.6366932501396869 0.894057287554733 0.6193321034173915 0.5333220944030346 14.872933461519061 3.5458093276667237 0.7801080335991272 4.05845771567534 1.7039730522675411 0.5985498912985666 0.9305232113028208 3.4242218450865543 0.5658969249032649 1.0 -42.77557487556202

BLOSUM62
-23.314325286075004 0.735790389698 0.485391055466 0.543161820899 1.45999531047 1.199705704602 1.1709490428 1.95588357496 0.716241444998 0.605899003687 0.800016530518 1.295201266783 1.253758266664 0.492964679748 1.173275900924 4.325092687057 1.729178019485 0.465839367725 0.718206697586 2.187774522005
0.735790389698 -20.710412105524 1.297446705134 0.500964408555 0.227826574209 3.020833610064 1.36057419042 0.418763308518 1.456141166336 0.232036445142 0.622711669692 5.411115141489 0.983692987457 0.371644693209 0.448133661718 1.12278310421 0.914665954563 0.426382310122 0.720517441216 0.438388343772
0.485391055466 1.297446705134 -21.641445948365998 3.180100048216 0.397358949897 1.839216146992 1.24048850864 1.355872344485 2.414501434208 0.283017326278 0.211888159615 1.593137043457 0.648441278787 0.354861249223 0.494887043702 2.904101656456 1.898173634533 0.191482046247 0.538222519037 0.312858797993
0.543161820899 0.500964408555 3.180100048216 -17.080204013555 0.240836614802 1.190945703396 3.761625208368 0.798473248968 0.778142664022 0.418555732462 0.218131577594 1.032447924952 0.222621897958 0.281730694207 0.730628272998 1.582754142065 0.934187509431 0.145345046279 0.261422208965 0.258129289418
1.45999531047 0.227826574209 0.397358949897 0.240836614802 -11.456953809999002 0.32980150463 0.140748891814 0.418203192284 0.354058109831 0.774894022794 0.831842640142 0.285078800906 0.76768882348 0.441337471187 0.356008498769 1.197188415094 1.119831358516 0.527664418872 0.470237733696 1.116352478606
1.199705704602 3.020833610064 1.839216146992 1.190945703396 0.32980150463 -29.875430676381 5.528919177928 0.609846305383 2.43534113114 0.236202451204 0.580737093181 3.945277674515 2.494896077113 0.14435695975 0.858570575674 1.934870924596 1.277480294596 0.758653808642 0.95898974285 0.530785790125
1.1709490428 1.36057419042 1.24048850864 3.761625208368 0.140748891814 5.528919177928 -24.758664129872997 0.423579992176 1.626891056982 0.186848046932 0.372625175087 2.802427151679 0.55541539747 0.291409084165 0.926563934846 1.769893238937 1.071097236007 0.407635648938 0.596719300346 0.524253846338
1.95588357496 0.418763308518 1.355872344485 0.798473248968 0.418203192284 0.609846305383 0.423579992176 -12.231747937694 0.539859124954 0.189296292376 0.217721159236 0.752042440303 0.459436173579 0.368166464453 0.504086599527 1.509326253224 0.641436011405 0.508358924638 0.308055737035 0.25334079019
0.716241444998 1.456141166336 2.414501434208 0.778142664022 0.354058109831 2.43534113114 1.626891056982 0.539859124954 -20.594521789534003 0.252718447885 0.348072209797 1.022507035889 0.984311525359 0.714533703928 0.527007339151 1.11702976291 0.585407090225 0.30124860078 4.218953969389 0.20155597175
0.605899003687 0.232036445142 0.283017326278 0.418555732462 0.774894022794 0.236202451204 0.186848046932 0.189296292376 0.252718447885 -23.612215522916003 3.890963773304 0.406193586642 3.364797763104 1.517359325954 0.388355409206 0.35754441246 1.17909119726 0.34198578754 0.674617093228 8.311839405458
0.800016530518 0.622711669692 0.211888159615 0.218131577594 0.831842640142 0.580737093181 0.372625175087 0.217721159236 0.348072209797 3.890963773304 -22.012590254764 0.445570274261 6.030559379572 2.064839703237 0.374555687471 0.352969184527 0.915259857694 0.6914746346 0.811245856323 2.231405688913
1.295201266783 5.411115141489 1.593137043457 1.032447924952 0.285078800906 3.945277674515 2.802427151679 0.752042440303 1.022507035889 0.406193586642 0.445570274261 -25.982783847896997 1.073061184332 0.266924750511 1.047383450722 1.752165917819 1.303875200799 0.332243040634 0.7179934869 0.498138475304
1.253758266664 0.983692987457 0.648441278787 0.222621897958 0.76768882348 2.494896077113 0.55541539747 0.459436173579 0.984311525359 3.364797763104 6.030559379572 1.073061184332 -27.889565033988998 1.77385516883 0.454123625103 0.918723415746 1.488548053722 0.888101098152 0.951682162246 2.575850755315
0.492964679748 0.371644693209 0.354861249223 0.281730694207 0.441337471187 0.14435695975 0.291409084165 0.368166464453 0.714533703928 1.517359325954 2.064839703237 0.266924750511 1.77385516883 -20.005520556124 0.233597909629 0.540027644824 0.488206118793 2.074324893497 6.747260430801 0.838119610178
1.173275900924 0.448133661718 0.494887043702 0.730628272998 0.356008498769 0.858570575674 0.926563934846 0.504086599527 0.527007339151 0.388355409206 0.374555687471 1.047383450722 0.454123625103 0.233597909629 -11.810287730363 1.169129577716 1.005451683149 0.252214830027 0.369405319355 0.496908410676
4.325092687057 1.12278310421 2.904101656456 1.582754142065 1.197188415094 1.934870924596 1.769893238937 1.509326253224 1.11702976291 0.35754441246 0.352969184527 1.752165917819 0.918723415746 0.540027644824 1.169129577716 -29.451759230212 5.15155629227 0.387925622098 0.796751520761 0.561925457442
1.729178019485 0.914665954563 1.898173634533 0.934187509431 1.119831358516 1.277480294596 1.071097236007 0.641436011405 0.585407090225 1.17909119726 0.915259857694 1.303875200799 1.488548053722 0.488206118793 1.005451683149 5.15155629227 -25.270657933714 0.513128126891 0.801010243199 2.253074051176
0.465839367725 0.426382310122 0.191482046247 0.145345046279 0.527664418872 0.758653808642 0.407635648938 0.508358924638 0.30124860078 0.34198578754 0.6914746346 0.332243040634 0.888101098152 2.074324893497 0.252214830027 0.387925622098 0.513128126891 -13.534935943666 4.054419006558 0.266508731426
0.718206697586 0.720517441216 0.538222519037 0.261422208965 0.470237733696 0.95898974285 0.596719300346 0.308055737035 4.218953969389 0.674617093228 0.811245856323 0.7179934869 0.951682162246 6.747260430801 0.369405319355 0.796751520761 0.801010243199 4.054419006558 -25.715710469490997 1.0
2.187774522005 0.438388343772 0.312858797993 0.258129289418 1.116352478606 0.530785790125 0.524253846338 0.25334079019 0.20155597175 8.311839405458 2.231405688913 0.498138475304 2.575850755315 0.838119610178 0.496908410676 0.561925457442 2.253074051176 0.266508731426 1.0 -24.857210416085

MTMAM
-1782.000006 32.0 2.0 11.0 1e-06 1e-06 1e-06 78.0 8.0 75.0 21.0 1e-06 76.0 1e-06 53.0 342.0 681.0 5.0 1e-06 398.0
32.0 -802.000008 4.0 1e-06 186.0 246.0 1e-06 18.0 232.0 1e-06 6.0 50.0 1e-06 1e-06 9.0 3.0 1e-06 16.0 1e-06 1e-06
2.0 4.0 -2588.000004 864.0 1e-06 8.0 1e-06 47.0 458.0 19.0 1e-06 408.0 21.0 6.0 33.0 446.0 110.0 6.0 156.0 1e-06
11.0 1e-06 864.0 -1616.0000090000003 1e-06 49.0 569.0 79.0 11.0 1e-06 1e-06 1e-06 1e-06 5.0 2.0 16.0 1e-06 1e-06 1e-06 10.0
1e-06 186.0 1e-06 1e-06 -1622.00001 1e-06 1e-06 1e-06 305.0 41.0 27.0 1e-06 1e-06 7.0 1e-06 347.0 114.0 65.0 530.0 1e-06
1e-06 246.0 8.0 49.0 1e-06 -1579.000007 274.0 1e-06 550.0 1e-06 20.0 242.0 22.0 1e-06 51.0 30.0 1e-06 1e-06 54.0 33.0
1e-06 1e-06 1e-06 569.0 1e-06 274.0 -1147.000011 22.0 22.0 1e-06 1e-06 215.0 1e-06 1e-06 1e-06 21.0 4.0 1e-06 1e-06 20.0
78.0 18.0 47.0 79.0 1e-06 1e-06 22.0 -362.000011 1e-06 1e-06 1e-06 1e-06 1e-06 1e-06 1e-06 112.0 1e-06 1e-06 1.0 5.0
8.0 232.0 458.0 11.0 305.0 550.0 22.0 1e-06 -3211.000007 1e-06 26.0 1e-06 1e-06 1e-06 53.0 20.0 1.0 1e-06 1525.0 1e-06
75.0 1e-06 19.0 1e-06 41.0 1e-06 1e-06 1e-06 1e-06 -3409.000008 232.0 6.0 378.0 57.0 5.0 1e-06 360.0 1e-06 16.0 2220.0
21.0 6.0 1e-06 1e-06 27.0 20.0 1e-06 1e-06 26.0 232.0 -1479.000004 4.0 609.0 246.0 43.0 74.0 34.0 12.0 25.0 100.0
1e-06 50.0 408.0 1e-06 1e-06 242.0 215.0 1e-06 1e-06 6.0 4.0 -1184.0000080000002 59.0 1e-06 18.0 65.0 50.0 1e-06 67.0 1e-06
76.0 1e-06 21.0 1e-06 1e-06 22.0 1e-06 1e-06 1e-06 378.0 609.0 59.0 -2759.000008 11.0 1e-06 47.0 691.0 13.0 1e-06 832.0
1e-06 1e-06 6.0 5.0 7.0 1e-06 1e-06 1e-06 1e-06 57.0 246.0 1e-06 11.0 -1135.000008 17.0 90.0 8.0 1e-06 682.0 6.0
53.0 9.0 33.0 2.0 1e-06 51.0 1e-06 1e-06 53.0 5.0 43.0 18.0 1e-06 17.0 -579.000005 202.0 78.0 7.0 8.0 1e-06
342.0 3.0 446.0 16.0 347.0 30.0 21.0 112.0 20.0 1e-06 74.0 65.0 47.0 90.0 202.0 -2553.0000019999998 614.0 17.0 107.0 1e-06
681.0 1e-06 110.0 1e-06 114.0 1e-06 4.0 1e-06 1.0 360.0 34.0 50.0 691.0 8.0 78.0 614.0 -2982.0000059999993 1e-06 1e-06 237.0
5.0 16.0 6.0 1e-06 65.0 1e-06 1e-06 1e-06 1e-06 1e-06 12.0 1e-06 13.0 1e-06 7.0 17.0 1e-06 -155.00000999999997 14.0 1e-06
1e-06 1e-06 156.0 1e-06 530.0 54.0 1e-06 1.0 1525.0 16.0 25.0 67.0 1e-06 682.0 8.0 107.0 1e-06 14.0 -3185.0000069999996 1e-06
398.0 1e-06 1e-06 10.0 1e-06 33.0 20.0 5.0 1e-06 2220.0 100.0 1e-06 832.0 6.0 1e-06 1e-06 237.0 1e-06 1e-06 -3861.0000089999994

LG
-21.470777000000002 0.425093 0.276818 0.395144 2.489084 0.969894 1.038545 2.06604 0.358858 0.14983 0.395337 0.536518 1.124035 0.253701 1.177651 4.727182 2.139501 0.180717 0.218959 2.54787
0.425093 -17.964513 0.751878 0.123954 0.534551 2.807908 0.36397 0.390192 2.426601 0.126991 0.301848 6.326067 0.484133 0.052722 0.332533 0.858151 0.578987 0.593607 0.31444 0.170887
0.276818 0.751878 -24.595409999999998 5.076149 0.528768 1.695752 0.541712 1.437645 4.509238 0.191503 0.068427 2.145078 0.371004 0.089525 0.161787 4.008358 2.000679 0.045376 0.612025 0.083688
0.395144 0.123954 5.076149 -15.812343 0.062556 0.523386 5.24387 0.844926 0.927114 0.01069 0.015076 0.282959 0.025548 0.017416 0.394456 1.240275 0.42586 0.02989 0.135107 0.037967
2.489084 0.534551 0.528768 0.062556 -15.638196 0.084808 0.003499 0.569265 0.640543 0.320627 0.594007 0.013266 0.89368 1.105251 0.075382 2.784478 1.14348 0.670128 1.165532 1.959291
0.969894 2.807908 1.695752 0.523386 0.084808 -24.521956999999997 4.128591 0.267959 4.813505 0.072854 0.582457 3.234294 1.672569 0.035855 0.624294 1.223828 1.080136 0.236199 0.257336 0.210332
1.038545 0.36397 0.541712 5.24387 0.003499 4.128591 -16.285426000000005 0.348847 0.423881 0.044265 0.069673 1.807177 0.173735 0.018811 0.419409 0.611973 0.604545 0.077852 0.120037 0.245034
2.06604 0.390192 1.437645 0.844926 0.569265 0.267959 0.348847 -9.281741999999998 0.311484 0.008705 0.044261 0.296636 0.139538 0.089586 0.196961 1.73999 0.129836 0.268491 0.054679 0.076701
0.358858 2.426601 4.509238 0.927114 0.640543 4.813505 0.423881 0.311484 -24.814323999999996 0.108882 0.366317 0.697264 0.442472 0.682139 0.508851 0.990012 0.584262 0.597054 5.306834 0.119013
0.14983 0.126991 0.191503 0.01069 0.320627 0.072854 0.044265 0.008705 0.108882 -22.894232000000002 4.145067 0.159069 4.273607 1.112727 0.078281 0.064105 1.033739 0.11166 0.232523 10.649107
0.395337 0.301848 0.068427 0.015076 0.594007 0.582457 0.069673 0.044261 0.366317 4.145067 -18.981327999999998 0.1375 6.312358 2.592692 0.24906 0.182287 0.302936 0.619632 0.299648 1.702745
0.536518 6.326067 2.145078 0.282959 0.013266 3.234294 1.807177 0.296636 0.697264 0.159069 0.1375 -18.959258000000002 0.656604 0.023918 0.390322 0.748683 1.136863 0.049906 0.131932 0.185202
1.124035 0.484133 0.371004 0.025548 0.89368 1.672569 0.173735 0.139538 0.442472 4.273607 6.312358 0.656604 -23.91151 1.798853 0.099849 0.34696 2.020366 0.696175 0.481306 1.898718
0.253701 0.052722 0.089525 0.017416 1.105251 0.035855 0.018811 0.089586 0.682139 1.112727 2.592692 0.023918 1.798853 -19.410186 0.094464 0.361819 0.165001 2.457121 7.803902 0.654683
1.177651 0.332533 0.161787 0.394456 0.075382 0.624294 0.419409 0.196961 0.508851 0.078281 0.24906 0.390322 0.099849 0.094464 -7.194145000000001 1.338132 0.571468 0.095131 0.089613 0.296501
4.727182 0.858151 4.008358 1.240275 2.784478 1.223828 0.611973 1.73999 0.990012 0.064105 0.182287 0.748683 0.34696 0.361819 1.338132 -28.44629 6.472279 0.248862 0.400547 0.098369
2.139501 0.578987 2.000679 0.42586 1.14348 1.080136 0.604545 0.129836 0.584262 1.033739 0.302936 1.136863 2.020366 0.165001 0.571468 6.472279 -22.964762 0.140825 0.245841 2.188158
0.180717 0.593607 0.045376 0.02989 0.670128 0.236199 0.077852 0.268491 0.597054 0.11166 0.619632 0.049906 0.696175 2.457121 0.095131 0.248862 0.140825 -10.459951000000002 3.151815 0.18951
0.218959 0.31444 0.612025 0.135107 1.165532 0.257336 0.120037 0.054679 5.306834 0.232523 0.299648 0.131932 0.481306 7.803902 0.089613 0.400547 0.245841 3.151815 -21.271389 0.249313
2.54787 0.170887 0.083688 0.037967 1.959291 0.210332 0.245034 0.076701 0.119013 10.649107 1.702745 0.185202 1.898718 0.654683 0.296501 0.098369 2.188158 0.18951 0.249313 -23.563089

MTART
-1927.4 0.2 0.2 1.0 254.0 0.2 0.2 200.0 0.2 26.0 4.0 0.2 121.0 13.0 49.0 673.0 244.0 0.2 1.0 340.0
0.2 -466.59999999999997 0.2 4.0 36.0 154.0 0.2 0.2 41.0 2.0 2.0 209.0 5.0 5.0 0.2 3.0 0.2 0.2 4.0 0.2
0.2 0.2 -2807.4 500.0 98.0 262.0 183.0 121.0 180.0 21.0 13.0 467.0 79.0 20.0 17.0 398.0 166.0 8.0 251.0 23.0
1.0 4.0 500.0 -1445.8000000000002 11.0 0.2 862.0 12.0 0.2 7.0 1.0 2.0 0.2 0.2 0.2 44.0 0.2 0.2 0.2 0.2
254.0 36.0 98.0 11.0 -2421.8 0.2 0.2 81.0 12.0 63.0 79.0 0.2 312.0 184.0 0.2 664.0 183.0 22.0 72.0 350.0
0.2 154.0 262.0 0.2 0.2 -1668.0000000000002 262.0 3.0 314.0 11.0 16.0 349.0 67.0 0.2 39.0 52.0 44.0 7.0 87.0 0.2
0.2 0.2 183.0 862.0 0.2 262.0 -1597.0 44.0 15.0 7.0 2.0 106.0 0.2 0.2 8.0 31.0 43.0 11.0 8.0 14.0
200.0 0.2 121.0 12.0 81.0 3.0 44.0 -763.0 0.2 3.0 1.0 0.2 56.0 1.0 0.2 226.0 0.2 2.0 9.0 3.0
0.2 41.0 180.0 0.2 12.0 314.0 15.0 0.2 -805.6000000000001 0.2 6.0 0.2 0.2 14.0 1.0 11.0 19.0 0.2 191.0 0.2
26.0 2.0 21.0 7.0 63.0 11.0 7.0 3.0 0.2 -3369.6000000000004 515.0 3.0 515.0 118.0 0.2 7.0 204.0 0.2 12.0 1855.0
4.0 2.0 13.0 1.0 79.0 16.0 2.0 1.0 6.0 515.0 -1985.0 4.0 885.0 263.0 12.0 8.0 48.0 21.0 20.0 85.0
