# Ancestral state reconstruction for all nodes in output.treefile
# This file can be read in MS Excel or in R with command:
#   tab=read.table('output.state',header=TRUE)
# Columns are tab-separated with following meaning:
#   Node:  Node name in the tree
#   Site:  Alignment site ID
#   State: Most likely state assignment
#   p_X:   Posterior probability for state X (empirical Bayesian method)
Node	Site	State	p_A	p_C	p_G	p_T
Node1	1	C	0.24595	0.28213	0.24277	0.22915
Node1	2	G	0.29370	0.22160	0.35173	0.13297
Node1	3	A	0.39224	0.19271	0.32329	0.09175
Node1	4	C	0.24277	0.28213	0.24595	0.22915
Node1	5	T	0.11222	0.28159	0.11222	0.49397
Node1	6	-	0.25000	0.25000	0.25000	0.25000
Node1	7	T	0.14804	0.29349	0.14998	0.40849
Node1	8	A	0.39224	0.19271	0.32329	0.09175
Node1	9	A	0.38749	0.19288	0.32781	0.09183
Node1	10	G	0.32329	0.19271	0.39224	0.09175
Node1	11	G	0.29370	0.22160	0.35173	0.13297
Node1	12	T	0.20094	0.29557	0.20094	0.30256
Node1	13	A	0.35173	0.22160	0.29370	0.13297
Node1	14	A	0.31305	0.24858	0.26141	0.17696
Node1	15	G	0.32329	0.19271	0.39224	0.09175
Node1	16	G	0.26141	0.24858	0.31305	0.17696
Node1	17	T	0.11222	0.28159	0.11222	0.49397
Node1	18	A	0.38749	0.19288	0.32781	0.09183
Node1	19	C	0.24277	0.28213	0.24595	0.22915
Node1	20	A	0.93236	0.03347	0.03121	0.00296
