# Ancestral state reconstruction for all nodes in output.treefile
# This file can be read in MS Excel or in R with command:
#   tab=read.table('output.state',header=TRUE)
# Columns are tab-separated with following meaning:
#   Node:  Node name in the tree
#   Site:  Alignment site ID
#   State: Most likely state assignment
#   p_X:   Posterior probability for state X (empirical Bayesian method)
Node	Site	State	p_A	p_C	p_G	p_T
Node1*	1	C	0.00000	0.99999	0.00000	0.00000
Node1*	2	T	0.00000	0.00000	0.00000	1.00000
Node1*	3	T	0.00000	0.00000	0.00000	1.00000
Node1*	4	G	0.00000	0.00000	0.99999	0.00000
Node1*	5	C	0.00000	0.99999	0.00000	0.00000
Node1*	6	A	0.99999	0.00000	0.00000	0.00000
Node2*	1	G	0.26901	0.09240	0.39836	0.24023
Node2*	2	C	0.23607	0.45954	0.08277	0.22163
Node2*	3	G	0.19836	0.07944	0.40877	0.31343
Node2*	4	T	0.10144	0.12954	0.22206	0.54697
Node2*	5	A	0.58984	0.21657	0.13501	0.05858
Node2*	6	G	0.33201	0.09337	0.39571	0.17891
Node3*	1	G	0.26901	0.09240	0.39836	0.24023
Node3*	2	C	0.23607	0.45953	0.08277	0.22163
Node3*	3	G	0.19836	0.07944	0.40877	0.31343
Node3*	4	T	0.10144	0.12954	0.22206	0.54696
Node3*	5	A	0.58984	0.21657	0.13501	0.05858
Node3*	6	G	0.33201	0.09337	0.39571	0.17891
Node1	1	A	0.30430	0.22310	0.20087	0.27173
Node1	2	A	0.32308	0.21630	0.20738	0.25325
Node1	3	-	0.29269	0.19954	0.21875	0.28902
Node1	4	T	0.29048	0.19923	0.21875	0.29155
Node1	5	A	0.32615	0.21653	0.20727	0.25005
Node1	6	A	0.82932	0.07787	0.08334	0.00946
