16
A1         0.0000000 0.1076671 0.1971758 0.1855131 0.3330672 0.3417758 0.3087741 0.3699138 3.8774583 3.8775483 3.8880512 3.9407941 3.8283980 3.8255841 3.9243351 4.0725617 
A2         0.1076671 0.0000000 0.1701611 0.1581771 0.3012704 0.3087944 0.2843942 0.3404843 3.7253834 3.7416510 3.8287558 3.8230746 3.7339887 3.7037486 3.7169060 3.8924573 
A3         0.1971758 0.1701611 0.0000000 0.0856982 0.3248875 0.3365508 0.3056377 0.3514179 3.8605711 3.8705775 3.9184939 3.9507724 3.8082955 3.7882990 3.8565899 3.9755362 
A4         0.1855131 0.1581771 0.0856982 0.0000000 0.3144950 0.3209729 0.2971430 0.3484095 3.7879243 3.8094672 3.8646080 3.9140504 3.7966293 3.8025731 3.7768999 3.9414666 
A5         0.3330672 0.3012704 0.3248875 0.3144950 0.0000000 0.1261015 0.1931137 0.2336896 3.7167177 3.6862936 3.7378077 3.7973280 3.7533417 3.7865776 3.7822011 3.9072829 
A6         0.3417758 0.3087944 0.3365508 0.3209729 0.1261015 0.0000000 0.2127841 0.2580413 3.7437471 3.6990493 3.7675311 3.8140176 3.7430862 3.7272906 3.7976238 3.9009068 
A7         0.3087741 0.2843942 0.3056377 0.2971430 0.1931137 0.2127841 0.0000000 0.1244373 3.7943414 3.7123327 3.8132500 3.8470243 3.6905581 3.6954889 3.7698733 3.9135781 
A8         0.3699138 0.3404843 0.3514179 0.3484095 0.2336896 0.2580413 0.1244373 0.0000000 3.8246478 3.7914772 3.8703012 3.8902715 3.7157339 3.6635627 3.7662836 3.9625160 
B1         3.8774583 3.7253834 3.8605711 3.7879243 3.7167177 3.7437471 3.7943414 3.8246478 0.0000000 0.0986528 0.2446566 0.2085573 0.3672523 0.4155738 0.3956807 0.4482017 
B2         3.8775483 3.7416510 3.8705775 3.8094672 3.6862936 3.6990493 3.7123327 3.7914772 0.0986528 0.0000000 0.2324895 0.2012704 0.3509296 0.3976820 0.3763344 0.4315239 
B3         3.8880512 3.8287558 3.9184939 3.8646080 3.7378077 3.7675311 3.8132500 3.8703012 0.2446566 0.2324895 0.0000000 0.1318055 0.4095218 0.4608612 0.4519354 0.4799021 
B4         3.9407941 3.8230746 3.9507724 3.9140504 3.7973280 3.8140176 3.8470243 3.8902715 0.2085573 0.2012704 0.1318055 0.0000000 0.3846528 0.4182886 0.4159619 0.4529434 
B5         3.8283980 3.7339887 3.8082955 3.7966293 3.7533417 3.7430862 3.6905581 3.7157339 0.3672523 0.3509296 0.4095218 0.3846528 0.0000000 0.1186114 0.2484412 0.2853116 
B6         3.8255841 3.7037486 3.7882990 3.8025731 3.7865776 3.7272906 3.6954889 3.6635627 0.4155738 0.3976820 0.4608612 0.4182886 0.1186114 0.0000000 0.2734077 0.3091847 
B7         3.9243351 3.7169060 3.8565899 3.7768999 3.7822011 3.7976238 3.7698733 3.7662836 0.3956807 0.3763344 0.4519354 0.4159619 0.2484412 0.2734077 0.0000000 0.1372817 
B8         4.0725617 3.8924573 3.9755362 3.9414666 3.9072829 3.9009068 3.9135781 3.9625160 0.4482017 0.4315239 0.4799021 0.4529434 0.2853116 0.3091847 0.1372817 0.0000000 
