Site	p1	p2	p3	p4
1	0.538541	0.358835	0.09776	0.0048641
2	0.0440608	0.345752	0.438028	0.172159
3	0.0465796	0.276371	0.420948	0.256101
4	0.00598583	0.144192	0.47671	0.373112
5	0.00748355	0.153413	0.452896	0.386207
6	0.494738	0.347605	0.136456	0.0212009
7	0.110679	0.454584	0.375722	0.059016
8	0.0329262	0.261949	0.47053	0.234595
9	7.59547e-05	0.0162762	0.186583	0.797065
10	0.00337012	0.121916	0.419237	0.455476
11	0.490143	0.377677	0.123321	0.00885845
12	0.00262624	0.10331	0.367155	0.526909
13	0.0117442	0.162729	0.427189	0.398338
14	0.0743677	0.349417	0.424446	0.151769
15	0.000225097	0.0361052	0.283746	0.679923
16	0.600468	0.289772	0.0993289	0.0104309
17	0.0248296	0.1843	0.406128	0.384742
18	0.000731224	0.0579203	0.357393	0.583955
19	0.698411	0.22954	0.0655814	0.00646738
20	0.741536	0.210025	0.045461	0.00297793
21	0.571117	0.338925	0.0857835	0.00417446
22	0.86327	0.119	0.0172072	0.00052236
23	1.29395e-06	0.00163095	0.0591665	0.939201
24	1.81872e-05	0.00560967	0.099432	0.89494
25	0.807805	0.160732	0.0296065	0.0018567
26	0.141734	0.366632	0.383919	0.107715
27	0.0509506	0.423845	0.461582	0.0636229
28	0.527562	0.340078	0.123763	0.00859622
29	0.698411	0.22954	0.0655814	0.00646738
30	0.441479	0.402182	0.144003	0.0123354
31	3.31796e-05	0.0100482	0.152788	0.83713
32	0.573541	0.322041	0.0942054	0.0102127
33	0.231818	0.481349	0.256478	0.0303561
34	0.0444355	0.355705	0.439151	0.160709
35	0.27503	0.472858	0.233798	0.0183138
36	0.758138	0.198879	0.0403313	0.00265172
37	0.458787	0.393976	0.128878	0.0183585
38	0.01316	0.199518	0.463619	0.323703
39	0.177563	0.396382	0.346222	0.0798331
40	0.388795	0.413949	0.182832	0.0144239
41	0.258047	0.407312	0.283142	0.0515
42	0.775679	0.184798	0.037212	0.00231095
43	0.115358	0.435647	0.385005	0.0639906
44	0.444807	0.372328	0.158784	0.0240813
45	0.0475483	0.362863	0.438496	0.151094
46	0.329492	0.381969	0.232143	0.0563958
47	0.000444192	0.045374	0.286105	0.668077
48	0.714003	0.230124	0.05259	0.00328311
49	0.0281399	0.300971	0.469752	0.201137
50	0.0242426	0.283209	0.472962	0.219587
51	0.370436	0.413509	0.195496	0.0205596
52	0.600468	0.289772	0.0993289	0.0104309
53	0.847242	0.133805	0.0181784	0.000774996
54	0.0805356	0.352367	0.408035	0.159063
55	0.824943	0.149267	0.0251163	0.000673228
56	0.00260521	0.113591	0.40513	0.478674
57	0.0278165	0.309706	0.480011	0.182466
58	0.234831	0.429011	0.264925	0.0712321
59	0.0223513	0.204195	0.455872	0.317582
60	0.637017	0.2715	0.08258	0.00890385
61	0.03842	0.332359	0.487747	0.141474
62	0.212507	0.403409	0.316032	0.0680515
63	0.0308437	0.319599	0.473664	0.175894
64	0.311576	0.41439	0.236777	0.0372565
65	7.15055e-08	0.000384528	0.0266245	0.972991
66	0.010582	0.193397	0.489805	0.306216
67	2.42087e-05	0.00392425	0.0682343	0.927817
68	0.00981454	0.216985	0.538714	0.234487
69	0.00728424	0.139006	0.412086	0.441625
70	0.108243	0.417026	0.389426	0.0853053
71	2.80138e-05	0.00736336	0.110334	0.882274
72	0.0888262	0.379534	0.386387	0.145253
73	0.00142849	0.0759341	0.350091	0.572547
74	0.0497194	0.285657	0.443144	0.22148
75	0.100321	0.435135	0.390088	0.0744549
76	0.543343	0.343539	0.108094	0.00502342
77	0.10564	0.417872	0.396881	0.079607
78	0.228201	0.429546	0.285396	0.0568575
79	0.000255905	0.0257014	0.22628	0.747763
80	0.224651	0.477589	0.26368	0.0340799
81	0.752508	0.202499	0.0421687	0.00282505
82	0.637017	0.2715	0.08258	0.00890385
83	0.0666449	0.424529	0.426725	0.0821008
84	1.74545e-05	0.00436153	0.0793329	0.916288
85	0.0650512	0.401695	0.438879	0.094375
86	0.00109511	0.0461048	0.232544	0.720256
87	0.0122039	0.182887	0.450648	0.354261
88	0.0010304	0.0788479	0.390723	0.529399
89	0.0693977	0.366384	0.446655	0.117564
90	0.069775	0.383717	0.446776	0.0997313
91	0.205223	0.426626	0.32488	0.0432711
92	0.00961994	0.18145	0.480086	0.328844
93	0.000454642	0.0592517	0.38825	0.552044
94	0.698411	0.22954	0.0655814	0.00646738
95	0.00678283	0.136698	0.41712	0.4394
96	0.0103947	0.217845	0.505762	0.265998
97	0.000913091	0.0429617	0.271188	0.684937
98	0.227805	0.425572	0.304794	0.0418287
99	0.00377079	0.114717	0.414911	0.466601
100	0.0546527	0.32231	0.457072	0.165966
101	0.758138	0.198879	0.0403313	0.00265172
102	0.112178	0.374499	0.35681	0.156512
103	0.459382	0.402797	0.129873	0.00794718
104	0.035687	0.262651	0.481743	0.219918
105	0.0155287	0.223666	0.484651	0.276154
106	2.49497e-05	0.0104608	0.152714	0.836801
107	0.331957	0.382711	0.230604	0.0547283
108	0.190425	0.381644	0.339576	0.0883552
109	0.00226635	0.105494	0.43	0.462239
110	0.00895821	0.171319	0.465981	0.353742
111	0.108552	0.413266	0.396598	0.0815846
112	0.354026	0.41364	0.204215	0.0281183
113	0.00147041	0.0696024	0.314691	0.614236
114	0.0746004	0.440703	0.403461	0.0812357
115	0.62246	0.284501	0.0876061	0.00543269
116	0.387079	0.388036	0.186726	0.0381588
117	0.38291	0.414033	0.187303	0.0157536
118	0.178445	0.418948	0.331736	0.0708703
119	0.325278	0.380306	0.234848	0.0595676
120	0.0329211	0.308172	0.477176	0.18173
121	3.71094e-09	4.57e-05	0.0074509	0.992503
122	0.637017	0.2715	0.08258	0.00890385
123	0.204754	0.48154	0.27936	0.034346
124	0.698411	0.22954	0.0655814	0.00646738
125	0.00989811	0.254422	0.551342	0.184339
126	0.741536	0.210025	0.045461	0.00297793
127	0.441968	0.402113	0.143685	0.0122345
128	0.000746241	0.0476566	0.307257	0.64434
129	0.00906609	0.147	0.445043	0.398891
130	0.0301155	0.315069	0.473462	0.181354
131	0.86093	0.122555	0.0159029	0.00061188
132	0.00264776	0.0673356	0.301864	0.628152
133	0.0323115	0.278247	0.473487	0.215955
134	0.042429	0.290462	0.396724	0.270385
135	0.752508	0.202499	0.0421687	0.00282505
136	0.698411	0.22954	0.0655814	0.00646738
137	0.000250764	0.0228482	0.196917	0.779984
138	0.000471931	0.0428189	0.290174	0.666535
139	0.440098	0.395158	0.153737	0.0110072
140	0.00144598	0.0728491	0.378417	0.547288
141	2.53976e-05	0.0069648	0.109667	0.883342
142	0.409448	0.389061	0.172721	0.0287705
143	0.18974	0.462942	0.300358	0.0469603
144	0.208625	0.456758	0.299211	0.0354062
145	0.00661931	0.157172	0.456846	0.379363
146	0.00051663	0.038146	0.271904	0.689433
147	0.036208	0.250385	0.449453	0.263955
148	0.162535	0.471146	0.321078	0.0452406
149	0.0505531	0.331382	0.477296	0.140769
150	0.0212211	0.268304	0.467402	0.243073
151	0.113304	0.377442	0.392264	0.11699
152	0.714108	0.234085	0.0492105	0.00259706
153	1.16253e-07	0.000175013	0.0118031	0.988022
154	0.505659	0.374756	0.112462	0.00712349
155	0.2017	0.479318	0.282647	0.0363348
156	0.637017	0.2715	0.08258	0.00890385
157	0.237359	0.437362	0.292043	0.0332355
158	0.000116495	0.0237311	0.235358	0.740795
159	0.281597	0.42415	0.257819	0.0364343
160	0.00941293	0.203048	0.524585	0.262954
161	2.10723e-07	0.000554341	0.0293623	0.970083
162	0.508159	0.346232	0.133287	0.0123217
163	0.807805	0.160732	0.0296065	0.0018567
164	0.014543	0.23486	0.509509	0.241088
165	0.738695	0.209209	0.048205	0.00389104
166	0.387434	0.393775	0.18649	0.0323006
167	0.849485	0.131333	0.0183759	0.000806368
168	0.0956393	0.411842	0.411397	0.0811209
169	3.32415e-06	0.00313213	0.0862797	0.910585
170	0.00687505	0.180022	0.452607	0.360496
171	0.000730189	0.0440728	0.262273	0.692924
172	0.151058	0.459504	0.336831	0.0526064
173	0.0124312	0.197175	0.461748	0.328646
174	0.0694234	0.34315	0.458419	0.129008
175	0.419891	0.37251	0.182644	0.0249553
176	0.0206954	0.282371	0.494584	0.20235
177	0.0106011	0.162405	0.436742	0.390253
178	0.605884	0.295652	0.0914885	0.00697607
179	2.25358e-08	0.00015562	0.0144654	0.985379
180	0.282477	0.487897	0.215427	0.0141988
181	0.00119152	0.0778861	0.393196	0.527726
182	0.752508	0.202499	0.0421687	0.00282505
183	0.758138	0.198879	0.0403313	0.00265172
184	0.698411	0.22954	0.0655814	0.00646738
185	0.239533	0.43698	0.29261	0.030877
186	0.641146	0.29852	0.058554	0.00178081
187	0.308514	0.447154	0.224222	0.0201106
188	0.0039009	0.125575	0.419215	0.451309
189	0.0111446	0.215071	0.490752	0.283032
190	0.00496816	0.112154	0.362934	0.519944
191	0.738695	0.209209	0.048205	0.00389104
192	0.577658	0.336052	0.0825538	0.00373616
193	1.28367e-07	0.000508183	0.0353931	0.964099
194	0.128343	0.428081	0.369733	0.0738434
195	0.287942	0.488411	0.210367	0.0132798
196	0.0298265	0.297844	0.483651	0.188679
197	0.00723541	0.173928	0.471212	0.347624
198	0.0135289	0.201831	0.461749	0.322891
199	0.0242381	0.3004	0.502061	0.173301
200	4.46361e-05	0.014576	0.204798	0.780581
201	0.0302119	0.239934	0.458593	0.271261
202	0.155015	0.475668	0.322291	0.0470267
203	0.824943	0.149267	0.0251163	0.000673228
204	2.58798e-07	0.000503633	0.0271956	0.9723
205	1.59703e-06	0.00150275	0.0525149	0.945981
206	0.000363609	0.0423914	0.27541	0.681835
207	0.227111	0.479777	0.264986	0.0281271
208	0.41009	0.389161	0.17233	0.0284183
209	6.65654e-07	0.00130905	0.0498315	0.948859
210	0.714003	0.230124	0.05259	0.00328311
211	0.0799826	0.406613	0.4302	0.0832042
212	0.0130401	0.19064	0.42956	0.36676
213	0.172507	0.373588	0.350231	0.103674
214	0.512093	0.36176	0.118651	0.00749643
215	0.17584	0.393167	0.349475	0.0815174
216	8.05043e-05	0.0146206	0.155521	0.829778
217	3.27932e-05	0.00791621	0.120599	0.871452
218	0.303927	0.460551	0.21757	0.0179526
219	0.073079	0.44422	0.415772	0.0669298
220	0.443198	0.404408	0.142732	0.00966256
221	0.0415409	0.328354	0.475208	0.154898
222	0.000423654	0.0444677	0.322478	0.63263
223	0.0281799	0.301378	0.473648	0.196794
224	6.42667e-05	0.0162174	0.181585	0.802133
225	0.462811	0.395177	0.133939	0.00807258
226	0.000412036	0.0335005	0.217382	0.748705
227	0.0378861	0.329804	0.488155	0.144155
228	0.0863965	0.31407	0.416162	0.183372
229	0.819099	0.153463	0.0265364	0.000901599
230	0.000831049	0.0393899	0.205012	0.754767
231	0.388702	0.416948	0.181519	0.0128299
232	0.0236114	0.209471	0.381924	0.384993
233	0.0634595	0.31715	0.420057	0.199334
234	0.0103874	0.163477	0.416244	0.409892
235	0.824943	0.149267	0.0251163	0.000673228
236	6.1452e-05	0.0146221	0.179945	0.805372
237	0.0370691	0.332189	0.480022	0.15072
238	0.0179067	0.268427	0.496582	0.217084
239	0.00120112	0.0503901	0.274581	0.673827
240	0.14692	0.463586	0.337553	0.0519412
241	0.000507943	0.0433559	0.287597	0.668539
242	0.510595	0.342911	0.134958	0.011536
243	0.184511	0.401279	0.342148	0.072062
244	0.698411	0.22954	0.0655814	0.00646738
245	0.377131	0.440161	0.171655	0.011053
246	0.0823652	0.372122	0.428	0.117513
247	0.637017	0.2715	0.08258	0.00890385
248	0.807805	0.160732	0.0296065	0.0018567
249	0.000842151	0.0612222	0.353486	0.58445
250	0.150535	0.42942	0.365765	0.0542811
251	0.0500977	0.292805	0.448093	0.209005
252	0.00144652	0.0722373	0.33435	0.591966
253	6.8261e-08	0.000353779	0.0249182	0.974728
254	0.00119303	0.0965116	0.436336	0.465959
255	0.0331197	0.300275	0.466993	0.199612
256	0.00942399	0.20287	0.522691	0.265014
257	0.13192	0.460975	0.36135	0.0457551
258	0.564964	0.341378	0.0897137	0.0039445
259	0.38291	0.414033	0.187303	0.0157536
260	0.231319	0.413134	0.295084	0.0604634
261	0.62246	0.284501	0.0876061	0.00543269
262	0.86093	0.122555	0.0159029	0.00061188
263	0.271209	0.40431	0.25822	0.0662613
264	0.0328886	0.225883	0.438792	0.302436
265	9.86193e-07	0.00124224	0.0487323	0.950024
266	0.553929	0.352812	0.089578	0.00368074
267	0.0238837	0.274313	0.45349	0.248313
268	0.230353	0.396465	0.293933	0.0792488
269	1.11177e-06	0.00182615	0.0691236	0.929049
270	0.752508	0.202499	0.0421687	0.00282505
271	0.27101	0.404233	0.258361	0.0663961
272	0.0132627	0.219314	0.487829	0.279594
273	2.61125e-06	0.00243013	0.0631091	0.934458
274	0.738695	0.209209	0.048205	0.00389104
275	0.86327	0.119	0.0172072	0.00052236
276	0.0105864	0.162338	0.437487	0.389589
277	0.0077099	0.174256	0.478169	0.339865
278	0.848567	0.13678	0.0141156	0.000537254
279	0.804102	0.175429	0.0198425	0.000626227
280	0.441968	0.402113	0.143685	0.0122345
281	0.738695	0.209209	0.048205	0.00389104
282	0.263461	0.422037	0.273745	0.0407575
283	0.099428	0.399971	0.398473	0.102128
284	0.0166528	0.249474	0.539216	0.194657
285	0.0396515	0.27743	0.468235	0.214683
286	0.775679	0.184798	0.037212	0.00231095
287	0.0262831	0.288324	0.470214	0.215179
288	0.0674534	0.421132	0.432601	0.0788146
289	0.00734388	0.198364	0.52912	0.265172
290	0.0217772	0.258157	0.442026	0.278039
291	0.741536	0.210025	0.045461	0.00297793
292	0.0094601	0.138608	0.375322	0.47661
293	0.152853	0.383372	0.32888	0.134895
294	0.263802	0.435096	0.269345	0.031757
295	0.0642366	0.402532	0.417756	0.115475
296	5.33251e-05	0.0137597	0.177421	0.808766
297	0.240066	0.402511	0.28695	0.0704737
298	7.20769e-05	0.0201603	0.239592	0.740175
299	0.345402	0.410189	0.218165	0.026243
300	0.741536	0.210025	0.045461	0.00297793
301	0.714003	0.230124	0.05259	0.00328311
302	0.0106891	0.166537	0.468055	0.354719
303	0.42796	0.416263	0.148091	0.0076865
304	3.15293e-05	0.011069	0.140529	0.84837
305	0.741536	0.210025	0.045461	0.00297793
306	0.824943	0.149267	0.0251163	0.000673228
307	0.0960096	0.386817	0.398201	0.118972
308	0.21786	0.510076	0.258114	0.01395
309	0.000770303	0.0466775	0.270919	0.681633
310	3.03813e-05	0.00935567	0.146525	0.844088
311	0.029044	0.274026	0.455699	0.241232
312	0.240614	0.405685	0.292846	0.0608547
313	0.285503	0.484007	0.212269	0.0182209
314	0.849485	0.131333	0.0183759	0.000806368
315	0.0196862	0.201906	0.460252	0.318156
316	0.101238	0.397759	0.398673	0.102331
317	0.595723	0.306426	0.0884133	0.00943701
318	0.268235	0.470823	0.240409	0.0205333
319	0.000933417	0.0521145	0.318866	0.628086
320	0.714003	0.230124	0.05259	0.00328311
321	0.000593814	0.0467396	0.304227	0.64844
322	0.345727	0.437182	0.20443	0.0126614
323	5.35314e-06	0.00202955	0.053299	0.944666
324	0.824943	0.149267	0.0251163	0.000673228
325	0.150541	0.455312	0.326587	0.0675599
326	0.281597	0.42415	0.257819	0.0364343
327	0.459382	0.402797	0.129873	0.00794718
328	0.475574	0.391728	0.125956	0.00674198
329	0.00312074	0.0968633	0.394655	0.505361
330	0.271051	0.482309	0.22575	0.0208901
331	0.49415	0.347681	0.136783	0.0213857
332	0.738695	0.209209	0.048205	0.00389104
333	0.000675617	0.0506479	0.317232	0.631444
334	0.306604	0.461171	0.215163	0.0170617
335	0.146635	0.463266	0.337917	0.0521827
336	0.641146	0.29852	0.058554	0.00178081
337	0.00586766	0.125422	0.429767	0.438944
338	0.000850035	0.0906211	0.467938	0.440591
339	0.752508	0.202499	0.0421687	0.00282505
340	0.214688	0.448941	0.296863	0.0395075
341	0.804102	0.175429	0.0198425	0.000626227
342	0.00248451	0.11841	0.437462	0.441643
343	0.462516	0.402038	0.127895	0.0075498
344	0.433721	0.372868	0.165659	0.0277514
345	0.324172	0.379796	0.23515	0.0608819
346	0.00031301	0.0290456	0.246179	0.724463
347	0.641146	0.29852	0.058554	0.00178081
348	0.553929	0.352812	0.089578	0.00368074
349	4.39003e-06	0.00330665	0.0820964	0.914593
350	0.000427201	0.0365259	0.26446	0.698586
351	0.0301631	0.220886	0.428901	0.320049
352	0.0459894	0.355203	0.43908	0.159727
353	2.0778e-05	0.00672347	0.107777	0.885479
354	0.272333	0.48035	0.230599	0.0167171
355	0.333015	0.382478	0.230062	0.0544453
356	0.0326327	0.233317	0.437117	0.296933
357	1.86419e-05	0.00643539	0.116417	0.877129
358	0.45131	0.402836	0.137377	0.0084776
359	0.0152941	0.223492	0.477019	0.284195
360	0.86327	0.119	0.0172072	0.00052236
361	0.0295782	0.295995	0.455411	0.219016
362	0.0168253	0.240854	0.503191	0.239129
363	0.268235	0.470823	0.240409	0.0205333
364	6.54479e-06	0.00233757	0.055771	0.941885
365	0.637017	0.2715	0.08258	0.00890385
366	0.86327	0.119	0.0172072	0.00052236
367	0.714003	0.230124	0.05259	0.00328311
368	0.0738679	0.452579	0.413757	0.0597955
369	7.20518e-05	0.0196151	0.233796	0.746517
370	0.475574	0.391728	0.125956	0.00674198
371	0.698411	0.22954	0.0655814	0.00646738
372	0.00442852	0.104414	0.380663	0.510494
373	0.185264	0.484971	0.302824	0.0269406
374	0.462811	0.395177	0.133939	0.00807258
375	0.310361	0.415506	0.237372	0.0367606
376	0.000175391	0.0257512	0.223769	0.750305
377	0.775679	0.184798	0.037212	0.00231095
378	0.250386	0.446572	0.272399	0.0306441
379	0.698411	0.22954	0.0655814	0.00646738
380	0.249502	0.40928	0.293738	0.0474796
381	1.70435e-05	0.00585097	0.10532	0.888812
382	0.000251246	0.0249891	0.210059	0.764701
383	0.384962	0.417001	0.184408	0.0136296
384	0.273683	0.421242	0.264535	0.04054
385	0.410547	0.416188	0.16376	0.00950504
386	0.388488	0.417685	0.178929	0.0148979
387	0.775679	0.184798	0.037212	0.00231095
388	0.223095	0.477915	0.269241	0.0297488
389	0.0161372	0.248761	0.484524	0.250578
390	0.824943	0.149267	0.0251163	0.000673228
391	0.574412	0.317436	0.0968954	0.0112562
392	1.97761e-09	4.45701e-05	0.00760513	0.99235
393	0.0127948	0.227143	0.503094	0.256968
394	0.388488	0.417685	0.178929	0.0148979
395	0.00171674	0.0938781	0.453754	0.450652
396	0.0673675	0.410752	0.435732	0.0861484
397	0.00531601	0.145326	0.48417	0.365188
398	0.110185	0.32647	0.390756	0.172588
399	0.0940566	0.420237	0.410049	0.0756581
400	0.0106256	0.164705	0.466882	0.357787
401	0.62246	0.284501	0.0876061	0.00543269
402	0.502055	0.372751	0.118831	0.00636259
403	0.00169554	0.082915	0.378165	0.537224
404	0.167913	0.457079	0.318275	0.0567334
405	0.0111457	0.190419	0.464743	0.333692
406	0.00327286	0.111297	0.443799	0.441631
407	0.714003	0.230124	0.05259	0.00328311
408	0.273683	0.421242	0.264535	0.04054
409	0.0459223	0.304681	0.473859	0.175538
410	0.441968	0.402113	0.143685	0.0122345
411	0.807805	0.160732	0.0296065	0.0018567
412	0.199235	0.383383	0.328802	0.0885804
413	0.098872	0.410393	0.405946	0.0847884
414	0.0230897	0.208933	0.459661	0.308316
415	0.741536	0.210025	0.045461	0.00297793
416	0.217231	0.480448	0.267104	0.035217
417	0.0779332	0.399328	0.427435	0.0953033
418	0.000243693	0.021714	0.185147	0.792895
419	0.441479	0.402182	0.144003	0.0123354
420	6.15559e-05	0.0239544	0.274138	0.701846
421	0.758138	0.198879	0.0403313	0.00265172
422	0.374751	0.384517	0.196668	0.0440631
423	0.0358116	0.241837	0.437757	0.284594
424	0.819099	0.153463	0.0265364	0.000901599
425	0.000355433	0.037909	0.265767	0.695969
426	0.00280012	0.104054	0.430039	0.463107
427	5.70047e-08	0.000321673	0.0237121	0.975966
428	0.00730252	0.164697	0.468353	0.359648
429	0.00382398	0.0909601	0.349458	0.555758
430	0.368059	0.417841	0.194288	0.0198124
431	0.440098	0.395158	0.153737	0.0110072
432	0.282477	0.487897	0.215427	0.0141988
433	0.134038	0.441678	0.348703	0.0755814
434	0.0130022	0.27753	0.529512	0.179956
435	0.167345	0.458327	0.314631	0.0596971
436	0.698411	0.22954	0.0655814	0.00646738
437	0.0032317	0.0848459	0.346223	0.5657
438	0.819099	0.153463	0.0265364	0.000901599
439	0.270623	0.404025	0.258612	0.0667406
440	0.0215695	0.188735	0.410804	0.378891
441	0.0623087	0.332114	0.421467	0.18411
442	0.482238	0.389938	0.11943	0.00839375
443	0.283743	0.4735	0.226408	0.0163493
444	0.576358	0.321062	0.0928091	0.00977021
445	3.20942e-07	0.000834084	0.0443864	0.954779
446	0.156913	0.462338	0.317162	0.063587
447	0.45131	0.402836	0.137377	0.0084776
448	0.275699	0.405598	0.254822	0.0638804
449	7.34646e-05	0.0172647	0.194936	0.787726
450	0.698411	0.22954	0.0655814	0.00646738
451	0.00368672	0.122646	0.399999	0.473669
452	1.75194e-07	0.000454536	0.0258505	0.973695
453	0.00854645	0.161194	0.445333	0.384927
454	0.166684	0.455169	0.319372	0.0587748
455	0.0743146	0.385046	0.436587	0.104052
456	0.000131788	0.0197711	0.184833	0.795264
457	7.03042e-05	0.0135603	0.174042	0.812327
458	0.0198468	0.263355	0.496708	0.22009
459	0.36614	0.440944	0.18005	0.0128665
460	1.4214e-06	0.00137993	0.0470846	0.951534
461	3.54658e-07	0.000814689	0.0402401	0.958945
462	0.000253985	0.0225003	0.1915	0.785746
463	0.00635623	0.139314	0.434965	0.419365
464	4.47481e-05	0.0129933	0.184247	0.802714
465	0.605881	0.295673	0.0914848	0.00696136
466	0.00254757	0.0699183	0.25601	0.671525
467	5.29708e-05	0.0143989	0.188306	0.797242
468	0.00179225	0.097732	0.403759	0.496717
469	0.32085	0.409457	0.234651	0.0350421
470	0.089219	0.40433	0.419561	0.0868901
471	0.00770122	0.114214	0.329651	0.548434
472	0.698411	0.22954	0.0655814	0.00646738
473	0.741536	0.210025	0.045461	0.00297793
474	0.000365566	0.0249378	0.174985	0.799711
475	0.0119455	0.181789	0.417746	0.388519
476	1.89004e-05	0.00633857	0.11372	0.879922
477	0.354026	0.41364	0.204215	0.0281183
478	0.0398752	0.278249	0.391681	0.290195
479	0.604457	0.296139	0.0922336	0.0071701
480	0.600468	0.289772	0.0993289	0.0104309
481	0.00564909	0.145881	0.478639	0.369831
482	0.752508	0.202499	0.0421687	0.00282505
483	0.848567	0.13678	0.0141156	0.000537254
484	0.141574	0.452013	0.341987	0.0644259
485	0.437526	0.392775	0.153424	0.0162751
486	0.641146	0.29852	0.058554	0.00178081
487	0.121908	0.451181	0.366544	0.0603673
488	0.20449	0.481316	0.279636	0.0345579
489	0.0122084	0.266969	0.527358	0.193465
490	0.000432816	0.040716	0.307253	0.651598
491	0.0165135	0.264734	0.513315	0.205437
492	0.0978743	0.347851	0.36784	0.186435
493	0.176151	0.458465	0.303054	0.0623297
494	0.340645	0.404242	0.226679	0.0284335
495	0.00374653	0.106487	0.280046	0.60972
496	3.68267e-05	0.0117951	0.176206	0.811962
497	0.299656	0.441251	0.236053	0.0230391
498	0.0890238	0.371427	0.417683	0.121866
499	0.329983	0.38211	0.231833	0.0560745
500	0.600468	0.289772	0.0993289	0.0104309
501	9.39415e-07	0.000857066	0.0337647	0.965377
502	0.292282	0.434954	0.247026	0.0257377
503	0.268235	0.470823	0.240409	0.0205333
504	0.599855	0.297585	0.0948041	0.00775588
505	0.206149	0.430242	0.318133	0.0454755
506	0.0699451	0.354815	0.447665	0.127575
507	0.184511	0.401279	0.342148	0.072062
508	0.340645	0.404242	0.226679	0.0284335
509	5.87488e-07	0.000817857	0.0334274	0.965754
510	0.224645	0.477758	0.263699	0.0338985
511	0.00801773	0.17654	0.496368	0.319074
512	0.000576835	0.0483922	0.325471	0.62556
513	0.0110601	0.199479	0.495205	0.294256
514	1.07258e-05	0.00489672	0.0990653	0.896027
515	0.0446353	0.330665	0.468289	0.156411
516	0.160782	0.467322	0.313406	0.0584896
517	0.0246654	0.296236	0.510354	0.168744
518	0.163011	0.469816	0.311017	0.0561565
519	0.0162978	0.239895	0.478757	0.26505
520	0.158361	0.338572	0.358667	0.1444
521	0.459382	0.402797	0.129873	0.00794718
522	0.000210771	0.0297629	0.232214	0.737813
523	1.66931e-05	0.00644791	0.11725	0.876286
524	0.0238452	0.274355	0.460626	0.241173
525	0.27503	0.472858	0.233798	0.0183138
526	8.87335e-09	0.000109565	0.0134913	0.986399
527	0.0165978	0.228863	0.486071	0.268468
528	0.370436	0.413509	0.195496	0.0205596
529	0.00142167	0.0516236	0.272359	0.674596
530	0.00966751	0.131251	0.416961	0.44212
531	0.443742	0.372561	0.159381	0.0243162
532	2.19241e-05	0.00610484	0.0998926	0.893981
533	0.000542267	0.0242905	0.178698	0.796469
534	0.267994	0.448545	0.259091	0.0243704
535	0.000138145	0.0268955	0.239568	0.733398
536	0.434532	0.400827	0.15599	0.00865031
537	0.752508	0.202499	0.0421687	0.00282505
538	0.163445	0.469621	0.310281	0.0566532
539	0.758138	0.198879	0.0403313	0.00265172
540	0.388702	0.416948	0.181519	0.0128299
541	0.00098347	0.07207	0.381105	0.545842
542	3.63539e-07	0.000786877	0.036213	0.963
543	7.98373e-05	0.0110597	0.127852	0.861009
544	0.388795	0.413949	0.182832	0.0144239
545	0.819099	0.153463	0.0265364	0.000901599
546	0.326723	0.380973	0.233788	0.0585168
547	0.00765036	0.143006	0.450254	0.39909
548	0.698411	0.22954	0.0655814	0.00646738
549	0.502055	0.372751	0.118831	0.00636259
550	1.23763e-05	0.00490316	0.0972262	0.897858
551	0.127713	0.449234	0.354601	0.0684521
552	0.0400058	0.341022	0.488053	0.130919
553	0.0449074	0.307396	0.42527	0.222427
554	0.462811	0.395177	0.133939	0.00807258
555	0.000865481	0.0348612	0.220194	0.744079
556	0.00627648	0.172273	0.462357	0.359094
557	0.738695	0.209209	0.048205	0.00389104
558	0.505255	0.345811	0.137354	0.0115799
559	0.0100484	0.15947	0.460109	0.370372
560	0.00213423	0.0913353	0.414614	0.491916
561	0.122223	0.44622	0.37475	0.0568065
562	0.0306473	0.310616	0.484133	0.174604
563	0.00124454	0.0672057	0.331799	0.599751
564	0.515639	0.344231	0.128788	0.0113422
565	0.248344	0.453311	0.269612	0.0287331
566	0.498651	0.376809	0.116539	0.00800077
567	0.637017	0.2715	0.08258	0.00890385
568	0.202046	0.393297	0.328378	0.0762799
569	0.363186	0.41381	0.199294	0.0237114
570	0.502055	0.372751	0.118831	0.00636259
571	0.847242	0.133805	0.0181784	0.000774996
572	0.775679	0.184798	0.037212	0.00231095
573	0.0363772	0.281262	0.477192	0.205169
574	2.64363e-05	0.00837875	0.128412	0.863183
575	0.62246	0.284501	0.0876061	0.00543269
576	0.819099	0.153463	0.0265364	0.000901599
577	0.848567	0.13678	0.0141156	0.000537254
578	1.85149e-07	0.000404267	0.0253172	0.974278
579	0.257122	0.410808	0.273381	0.0586887
580	0.00343665	0.096268	0.3778	0.522495
581	0.600468	0.289772	0.0993289	0.0104309
582	0.151985	0.460727	0.335741	0.0515473
583	2.35609e-06	0.00229045	0.068605	0.929102
584	0.848567	0.13678	0.0141156	0.000537254
585	0.0026226	0.119184	0.453905	0.424289
586	0.0745214	0.348397	0.422678	0.154403
587	0.190425	0.381644	0.339576	0.0883552
588	0.698411	0.22954	0.0655814	0.00646738
589	0.36614	0.440944	0.18005	0.0128665
590	0.176655	0.426826	0.336321	0.0601977
591	0.0337556	0.239095	0.441725	0.285424
592	0.752508	0.202499	0.0421687	0.00282505
593	0.000178103	0.0257744	0.239597	0.73445
594	0.0120639	0.151925	0.416253	0.419757
595	0.000137972	0.020098	0.204714	0.77505
596	0.166718	0.473771	0.307	0.0525108
597	0.0277282	0.297092	0.504945	0.170235
598	0.165564	0.346331	0.355311	0.132794
599	0.250386	0.446572	0.272399	0.0306441
600	0.026435	0.290601	0.473308	0.209656
601	0.00266416	0.119536	0.443601	0.434199
602	0.0352687	0.328453	0.453302	0.182976
603	0.0362861	0.243632	0.437826	0.282256
604	0.00338953	0.118293	0.391267	0.487051
605	0.807805	0.160732	0.0296065	0.0018567
606	0.0700329	0.425014	0.411465	0.0934881
607	0.86093	0.122555	0.0159029	0.00061188
608	0.150535	0.42942	0.365765	0.0542811
609	0.698411	0.22954	0.0655814	0.00646738
610	0.000183076	0.0353951	0.30872	0.655702
611	0.00671617	0.156212	0.482714	0.354358
612	0.000898368	0.038707	0.202774	0.75762
613	0.10271	0.367509	0.370267	0.159514
614	0.118497	0.387216	0.399786	0.0945013
615	0.141705	0.447636	0.348366	0.0622934
616	0.741536	0.210025	0.045461	0.00297793
617	0.0315185	0.247033	0.462566	0.258882
618	0.752508	0.202499	0.0421687	0.00282505
619	0.698411	0.22954	0.0655814	0.00646738
620	0.36614	0.440944	0.18005	0.0128665
621	0.579973	0.315988	0.0939209	0.0101186
622	0.00383641	0.136583	0.408004	0.451577
623	0.698411	0.22954	0.0655814	0.00646738
624	0.203937	0.45259	0.290476	0.052997
625	0.415794	0.392765	0.168035	0.0234063
626	0.824943	0.149267	0.0251163	0.000673228
627	0.540057	0.32893	0.116568	0.0144454
628	0.566054	0.320034	0.101023	0.0128888
629	0.00999822	0.180783	0.476083	0.333135
630	0.0129941	0.21721	0.49774	0.272056
631	0.62246	0.284501	0.0876061	0.00543269
632	8.91096e-08	0.000266618	0.0187718	0.980962
633	0.206138	0.388716	0.323655	0.0814911
634	0.308237	0.447729	0.225805	0.0182283
635	0.00519092	0.148538	0.472056	0.374215
636	0.187731	0.412073	0.343111	0.0570851
637	0.262947	0.421802	0.274184	0.0410668
638	0.600468	0.289772	0.0993289	0.0104309
639	1.25167e-05	0.00389703	0.0771714	0.918919
640	0.86327	0.119	0.0172072	0.00052236
641	0.431419	0.406002	0.149566	0.0130135
642	0.0283198	0.314303	0.470643	0.186734
643	0.00659928	0.122274	0.370304	0.500823
644	9.10151e-07	0.00166159	0.0588404	0.939497
645	0.2185	0.412428	0.304464	0.0646077
646	0.824943	0.149267	0.0251163	0.000673228
647	0.0971831	0.426408	0.408459	0.0679503
648	0.0225542	0.243005	0.452759	0.281682
649	0.216159	0.431608	0.312263	0.0399696
650	0.758138	0.198879	0.0403313	0.00265172
651	0.168648	0.450293	0.329982	0.0510781
652	0.00878653	0.15785	0.469345	0.364018
653	0.775679	0.184798	0.037212	0.00231095
654	0.0937128	0.382403	0.415284	0.1086
655	0.190865	0.383949	0.336812	0.0883737
656	0.0225369	0.280126	0.471624	0.225713
657	0.600468	0.289772	0.0993289	0.0104309
658	0.0307544	0.350118	0.493734	0.125394
659	0.177056	0.466454	0.308603	0.0478876
660	0.475574	0.391728	0.125956	0.00674198
661	0.28978	0.431327	0.240358	0.0385348
662	0.154735	0.462599	0.319033	0.0636325
663	0.00687261	0.181715	0.453981	0.357431
664	0.27575	0.485182	0.217498	0.0215695
665	0.388061	0.386465	0.1885	0.0369738
666	0.359582	0.439177	0.189412	0.0118293
667	1.02229e-07	0.000495356	0.0332319	0.966273
668	0.807805	0.160732	0.0296065	0.0018567
669	0.00566962	0.161775	0.488787	0.343768
670	4.32386e-05	0.010418	0.137087	0.852452
671	0.824943	0.149267	0.0251163	0.000673228
672	0.484184	0.389379	0.118286	0.00814999
673	0.0353626	0.328069	0.477028	0.15954
674	0.176974	0.417444	0.33304	0.0725418
675	0.86327	0.119	0.0172072	0.00052236
676	0.00029087	0.0255951	0.205458	0.768656
677	0.206655	0.455464	0.301353	0.0365277
678	1.29367e-05	0.00652731	0.108548	0.884911
679	0.263802	0.435096	0.269345	0.031757
680	0.000107854	0.0178829	0.179212	0.802797
681	0.86327	0.119	0.0172072	0.00052236
682	0.738695	0.209209	0.048205	0.00389104
683	0.36614	0.440944	0.18005	0.0128665
684	0.714003	0.230124	0.05259	0.00328311
685	0.741536	0.210025	0.045461	0.00297793
686	0.158245	0.470501	0.321915	0.049338
687	0.738695	0.209209	0.048205	0.00389104
688	0.564964	0.341378	0.0897137	0.0039445
689	0.0148497	0.274328	0.522715	0.188107
690	0.00918546	0.193968	0.494233	0.302614
691	7.50263e-05	0.0218546	0.22504	0.753031
692	0.0190592	0.245624	0.456148	0.279169
693	0.0033706	0.132759	0.427767	0.436104
694	1.93513e-05	0.00679265	0.122146	0.871042
695	0.382063	0.391567	0.191226	0.0351445
696	0.101138	0.354781	0.367378	0.176703
697	0.0733267	0.379455	0.445488	0.101731
698	0.299656	0.441251	0.236053	0.0230391
699	0.000117385	0.021336	0.209921	0.768625
700	0.428876	0.404086	0.154579	0.0124587
701	0.526436	0.340214	0.124472	0.00887863
702	0.345402	0.410189	0.218165	0.026243
703	3.63659e-06	0.00316763	0.0746155	0.922213
704	0.0475766	0.281903	0.45555	0.21497
705	4.56478e-06	0.00345395	0.086494	0.910048
706	0.714003	0.230124	0.05259	0.00328311
707	0.807805	0.160732	0.0296065	0.0018567
708	0.0721788	0.423622	0.428889	0.0753103
709	0.0991978	0.394034	0.391375	0.115393
710	0.000381726	0.0427855	0.313811	0.643022
711	0.367396	0.413375	0.197793	0.0214358
712	0.277181	0.405324	0.254489	0.0630068
713	0.226966	0.481394	0.272222	0.0194178
714	0.637017	0.2715	0.08258	0.00890385
715	0.256519	0.413089	0.287762	0.0426304
716	0.0567068	0.366861	0.455315	0.121117
717	0.0029861	0.0777971	0.328547	0.59067
718	5.08684e-07	0.00100646	0.048236	0.950757
719	0.775679	0.184798	0.037212	0.00231095
720	0.847242	0.133805	0.0181784	0.000774996
721	0.181507	0.382453	0.344065	0.0919756
722	0.418649	0.415963	0.153513	0.0118743
723	0.819099	0.153463	0.0265364	0.000901599
724	0.00434335	0.105697	0.384665	0.505295
725	0.86093	0.122555	0.0159029	0.00061188
726	0.0190764	0.197367	0.45614	0.327416
727	0.377131	0.440161	0.171655	0.011053
728	0.847242	0.133805	0.0181784	0.000774996
729	0.0431799	0.293126	0.472168	0.191526
730	0.365134	0.425853	0.195238	0.0137756
731	0.401242	0.423832	0.165351	0.00957449
732	0.475574	0.391728	0.125956	0.00674198
733	0.283743	0.4735	0.226408	0.0163493
734	0.0192327	0.269667	0.499755	0.211345
735	0.0738827	0.394496	0.440833	0.0907882
736	0.600468	0.289772	0.0993289	0.0104309
737	0.000829288	0.0384953	0.203165	0.757511
738	0.239541	0.448993	0.278309	0.0331561
739	0.0961864	0.387522	0.398497	0.117795
740	0.0109811	0.14309	0.344458	0.501471
741	0.63981	0.29927	0.059096	0.00182353
742	0.738695	0.209209	0.048205	0.00389104
743	0.000849501	0.0696672	0.341257	0.588226
744	1.59791e-11	2.99434e-06	0.00174138	0.998256
745	0.00334947	0.0931918	0.379189	0.52427
746	0.000291493	0.0392979	0.281256	0.679155
747	0.758138	0.198879	0.0403313	0.00265172
748	0.286839	0.48337	0.211665	0.0181259
749	0.698411	0.22954	0.0655814	0.00646738
750	0.231769	0.433473	0.300687	0.0340703
751	0.0113505	0.138539	0.408876	0.441235
752	0.418649	0.415963	0.153513	0.0118743
753	0.512093	0.36176	0.118651	0.00749643
754	0.00233812	0.104289	0.401062	0.492311
755	0.111552	0.328822	0.390512	0.169114
756	0.108613	0.31255	0.403833	0.175004
757	0.0131621	0.200494	0.462329	0.324015
758	0.000257074	0.0224639	0.183516	0.793763
759	0.62246	0.284501	0.0876061	0.00543269
760	3.43898e-06	0.00323189	0.0753591	0.921406
761	0.62246	0.284501	0.0876061	0.00543269
762	0.605462	0.295829	0.0917012	0.00700805
763	0.377131	0.440161	0.171655	0.011053
764	0.484184	0.389379	0.118286	0.00814999
765	0.419412	0.387291	0.166548	0.0267497
766	0.0993769	0.399925	0.398585	0.102113
767	0.819099	0.153463	0.0265364	0.000901599
768	0.0133859	0.211783	0.456797	0.318033
769	0.416542	0.41624	0.154961	0.0122565
770	0.017709	0.246405	0.494494	0.241392
771	0.000758472	0.0404254	0.236072	0.722744
772	0.0355771	0.247347	0.448367	0.268709
773	0.738695	0.209209	0.048205	0.00389104
774	0.00189631	0.0787732	0.390219	0.529111
775	0.637017	0.2715	0.08258	0.00890385
776	0.714003	0.230124	0.05259	0.00328311
777	0.0496266	0.328183	0.482499	0.139691
778	2.96436e-06	0.00317221	0.0820705	0.914754
779	0.0890735	0.31983	0.41601	0.175087
780	0.00107888	0.0553419	0.269195	0.674384
781	0.00010608	0.0227485	0.238278	0.738868
782	0.0335146	0.284752	0.475001	0.206732
783	0.490143	0.377677	0.123321	0.00885845
784	0.000213712	0.0325475	0.264071	0.703168
785	0.0447155	0.343997	0.475855	0.135433
786	0.698411	0.22954	0.0655814	0.00646738
787	8.72441e-08	0.000286427	0.0208505	0.978863
788	0.296229	0.486112	0.202554	0.0151061
789	0.462811	0.395177	0.133939	0.00807258
790	0.00662572	0.158018	0.46182	0.373536
791	0.0101612	0.199981	0.466494	0.323364
792	0.758138	0.198879	0.0403313	0.00265172
793	0.775679	0.184798	0.037212	0.00231095
794	0.477843	0.390877	0.124313	0.00696769
795	4.11574e-05	0.0118943	0.169548	0.818517
796	0.505659	0.374756	0.112462	0.00712349
797	0.0595523	0.305879	0.401349	0.233219
798	0.0565534	0.295909	0.399116	0.248422
799	0.698411	0.22954	0.0655814	0.00646738
800	0.176655	0.426826	0.336321	0.0601977
801	0.0199251	0.260853	0.489603	0.229619
802	0.0126607	0.149254	0.348788	0.489297
803	0.0926297	0.377446	0.405602	0.124322
804	0.394155	0.394337	0.181972	0.0295368
805	0.0376908	0.271743	0.47374	0.216827
806	0.484184	0.389379	0.118286	0.00814999
807	0.295001	0.410915	0.249243	0.0448403
808	0.0506947	0.383922	0.473482	0.0919013
809	0.168852	0.409047	0.339781	0.082321
810	0.000187528	0.0238248	0.224169	0.751818
811	0.295289	0.434955	0.244385	0.0253713
812	0.161581	0.402275	0.360922	0.0752224
813	0.0733815	0.365063	0.445482	0.116074
814	6.50974e-06	0.00413507	0.0921363	0.903722
815	0.250442	0.421846	0.284471	0.0432412
816	2.95632e-05	0.0116636	0.175494	0.812813
817	0.741536	0.210025	0.045461	0.00297793
818	2.60573e-05	0.00883803	0.144639	0.846497
819	0.0184068	0.233179	0.451516	0.296899
820	0.637017	0.2715	0.08258	0.00890385
821	1.12608e-05	0.00583756	0.107844	0.886307
822	0.236736	0.400667	0.289532	0.0730653
823	0.0192884	0.238774	0.452376	0.289562
824	9.76837e-07	0.000955272	0.0349532	0.964091
825	0.0588301	0.338249	0.448137	0.154784
826	0.741536	0.210025	0.045461	0.00297793
827	0.258047	0.407312	0.283142	0.0515
828	0.152889	0.441034	0.331445	0.0746314
829	0.0135051	0.129518	0.337498	0.519479
830	0.407894	0.389127	0.173718	0.0292616
831	0.553929	0.352812	0.089578	0.00368074
832	0.758138	0.198879	0.0403313	0.00265172
833	0.0284734	0.236293	0.472428	0.262806
834	0.86093	0.122555	0.0159029	0.00061188
835	3.4267e-06	0.0016916	0.0452314	0.953074
836	0.819099	0.153463	0.0265364	0.000901599
837	7.99091e-05	0.010186	0.128463	0.861272
838	0.00147034	0.080135	0.369984	0.548411
839	0.518647	0.343706	0.126931	0.0107153
840	0.714003	0.230124	0.05259	0.00328311
841	0.600468	0.289772	0.0993289	0.0104309
842	1.65838e-08	8.44557e-05	0.00984116	0.990074
843	0.0621644	0.40814	0.435148	0.094547
844	0.738695	0.209209	0.048205	0.00389104
845	0.741536	0.210025	0.045461	0.00297793
846	0.571673	0.317512	0.0990149	0.0117998
847	0.738695	0.209209	0.048205	0.00389104
848	0.000673603	0.0587556	0.363965	0.576606
849	0.12743	0.369287	0.393877	0.109406
850	0.36614	0.440944	0.18005	0.0128665
851	0.0218644	0.20106	0.453334	0.323741
852	0.000575943	0.0422619	0.282317	0.674845
853	0.0528994	0.328698	0.493385	0.125018
854	0.600468	0.289772	0.0993289	0.0104309
855	0.0122763	0.267321	0.526521	0.193882
856	0.0143549	0.212671	0.472001	0.300973
857	0.00524325	0.121098	0.39478	0.478879
858	0.359582	0.439177	0.189412	0.0118293
859	0.197981	0.388056	0.333936	0.0800268
860	0.0226904	0.221703	0.462989	0.292617
861	0.000325764	0.0172399	0.139746	0.842688
862	0.424871	0.417175	0.150108	0.00784737
863	0.00154094	0.0830274	0.396871	0.518561
864	6.5402e-07	0.00105139	0.044696	0.954252
865	0.00623134	0.165537	0.437104	0.391127
866	0.00019164	0.0185242	0.171487	0.809797
867	0.600468	0.289772	0.0993289	0.0104309
868	0.131351	0.448788	0.367744	0.0521164
869	0.0536643	0.352773	0.461193	0.132369
870	1.19975e-05	0.0063472	0.10873	0.884911
871	0.177563	0.396382	0.346222	0.0798331
872	0.604412	0.296191	0.0922486	0.00714892
873	0.00664897	0.189117	0.533179	0.271055
874	0.0995851	0.394815	0.391037	0.114562
875	3.56208e-05	0.00710455	0.111892	0.880968
876	0.698411	0.22954	0.0655814	0.00646738
877	0.267692	0.416156	0.26571	0.050442
878	0.462516	0.402038	0.127895	0.0075498
879	0.0137831	0.226564	0.50471	0.254944
880	0.00157561	0.0936086	0.425949	0.478866
881	4.64835e-05	0.0123878	0.156792	0.830773
882	0.176655	0.426826	0.336321	0.0601977
883	8.65794e-07	0.000926008	0.0360781	0.962995
884	0.243722	0.44005	0.28553	0.030697
885	0.000691595	0.0476527	0.284762	0.666893
886	0.136173	0.384991	0.350072	0.128764
887	0.106679	0.422828	0.394844	0.075649
888	0.00333031	0.120572	0.406962	0.469136
889	0.00620272	0.155862	0.491278	0.346657
890	0.440098	0.395158	0.153737	0.0110072
891	1.42749e-07	0.000402157	0.0253723	0.974225
892	0.0152345	0.25132	0.484916	0.24853
893	0.562852	0.353314	0.0818856	0.00194822
894	0.49229	0.353871	0.136215	0.0176242
895	0.849485	0.131333	0.0183759	0.000806368
896	0.00526533	0.126475	0.434221	0.434039
897	2.27461e-07	0.000601233	0.0298952	0.969503
898	6.51013e-06	0.00464793	0.102357	0.892989
899	0.775679	0.184798	0.037212	0.00231095
900	0.00360955	0.110907	0.407056	0.478428
901	0.0106751	0.233153	0.471805	0.284367
902	0.211283	0.400356	0.320918	0.0674422
903	0.459382	0.402797	0.129873	0.00794718
904	0.250386	0.446572	0.272399	0.0306441
905	0.303927	0.460551	0.21757	0.0179526
906	2.32817e-06	0.00181451	0.0500863	0.948097
907	0.000860601	0.0481106	0.266423	0.684606
908	0.499112	0.375288	0.117955	0.00764512
909	0.459382	0.402797	0.129873	0.00794718
910	0.573701	0.318021	0.0970684	0.0112097
911	0.0298509	0.289693	0.471806	0.20865
912	0.250852	0.431828	0.279969	0.0373514
913	0.0216163	0.2247	0.490359	0.263325
914	0.0100405	0.181499	0.470317	0.338144
915	0.281532	0.410177	0.251519	0.0567716
916	0.512093	0.36176	0.118651	0.00749643
917	5.71945e-05	0.0122703	0.141729	0.845944
918	0.0110496	0.23287	0.515638	0.240443
919	0.86327	0.119	0.0172072	0.00052236
920	0.517184	0.342996	0.130004	0.00981544
921	0.282477	0.487897	0.215427	0.0141988
922	0.577658	0.336052	0.0825538	0.00373616
923	4.06413e-05	0.00896197	0.127653	0.863344
924	0.00346729	0.131725	0.440051	0.424757
925	0.0180796	0.184897	0.42589	0.371133
926	0.274496	0.446703	0.256824	0.0219768
927	0.0550732	0.350022	0.461439	0.133465
928	0.698411	0.22954	0.0655814	0.00646738
929	0.467999	0.413248	0.115279	0.0034741
930	0.00440879	0.074114	0.272613	0.648864
931	0.13231	0.439504	0.357372	0.0708144
932	2.66781e-06	0.0024039	0.0630946	0.934499
933	0.471392	0.393189	0.128111	0.00730778
934	0.000614028	0.0409846	0.274557	0.683845
935	0.775679	0.184798	0.037212	0.00231095
936	0.807805	0.160732	0.0296065	0.0018567
937	9.07719e-05	0.0164246	0.172156	0.811329
938	0.0264071	0.29836	0.512927	0.162305
939	0.317715	0.424086	0.229051	0.029148
940	0.849485	0.131333	0.0183759	0.000806368
941	0.0178258	0.209605	0.474439	0.298131
942	0.410161	0.389144	0.172282	0.0284131
943	0.000704086	0.0535963	0.323536	0.622164
944	0.307295	0.388917	0.249243	0.0545453
945	0.178668	0.375612	0.340721	0.105
946	0.0287136	0.23319	0.452526	0.28557
947	0.162499	0.470975	0.321071	0.0454547
948	0.11976	0.441582	0.379468	0.0591905
949	0.10454	0.410207	0.402674	0.0825786
950	0.0944207	0.387113	0.407342	0.111124
951	0.428593	0.399919	0.159191	0.012297
952	0.240226	0.419981	0.28317	0.0566227
953	0.00386412	0.108987	0.382085	0.505064
954	0.000943593	0.0625822	0.350661	0.585813
955	0.38291	0.414033	0.187303	0.0157536
956	0.00752846	0.158571	0.462786	0.371114
957	0.000809391	0.0664058	0.316146	0.616639
958	0.0893656	0.371692	0.396371	0.142571
959	0.1358	0.466075	0.352921	0.0452051
960	0.354026	0.41364	0.204215	0.0281183
