# Ancestral state reconstruction for all nodes in output.treefile
# This file can be read in MS Excel or in R with command:
#   tab=read.table('output.state',header=TRUE)
# Columns are tab-separated with following meaning:
#   Node:  Node name in the tree
#   Site:  Alignment site ID
#   State: Most likely state assignment
#   p_X:   Posterior probability for state X (empirical Bayesian method)
Node	Site	State	p_A	p_C	p_G	p_T
Node1*	1	A	1.00000	0.00000	0.00000	0.00000
Node1*	2	G	0.00000	0.00000	1.00000	0.00000
Node1*	3	G	0.00000	0.00000	1.00000	0.00000
Node1*	4	G	0.00000	0.00000	1.00000	0.00000
Node1*	5	G	0.00000	0.00000	1.00000	0.00000
Node1*	6	T	0.00000	0.00000	0.00000	1.00000
Node2*	1	A	0.89681	0.09511	0.00764	0.00044
Node2*	2	A	0.31098	0.29166	0.22198	0.17538
Node2*	3	G	0.00638	0.00021	0.95377	0.03964
Node2*	4	G	0.00544	0.00002	0.98900	0.00554
Node2*	5	G	0.00823	0.00002	0.98853	0.00322
Node2*	6	T	0.00042	0.00311	0.08618	0.91029
Node3*	1	A	0.89681	0.09511	0.00764	0.00044
Node3*	2	A	0.31098	0.29166	0.22198	0.17538
Node3*	3	G	0.00638	0.00021	0.95377	0.03964
Node3*	4	G	0.00544	0.00002	0.98900	0.00554
Node3*	5	G	0.00823	0.00002	0.98853	0.00322
Node3*	6	T	0.00042	0.00311	0.08618	0.91028
Node1	1	T	0.16811	0.20387	0.23273	0.39529
Node1	2	C	0.24867	0.53910	0.05971	0.15252
Node1	3	A	0.55913	0.07311	0.31306	0.05470
Node1	4	G	0.25524	0.08401	0.40655	0.25420
Node1	5	A	0.56719	0.06828	0.31510	0.04943
Node1	6	G	0.28762	0.16563	0.31437	0.23238
