# Ancestral state reconstruction for all nodes in output.treefile
# This file can be read in MS Excel or in R with command:
#   tab=read.table('output.state',header=TRUE)
# Columns are tab-separated with following meaning:
#   Node:  Node name in the tree
#   Site:  Alignment site ID
#   State: Most likely state assignment
#   p_X:   Posterior probability for state X (empirical Bayesian method)
Node	Site	State	p_A	p_C	p_G	p_T
Node5*	1	G	0.02263	0.01500	0.96156	0.00082
Node5*	2	A	0.96307	0.00975	0.02679	0.00040
Node5*	3	G	0.02719	0.00772	0.96485	0.00025
Node5*	4	A	0.96156	0.01500	0.02263	0.00082
Node5*	5	G	0.02189	0.03174	0.94260	0.00376
Node5*	6	A	0.96381	0.01293	0.02238	0.00087
Node5*	7	T	0.00032	0.01615	0.00032	0.98321
Node5*	8	G	0.02719	0.00772	0.96484	0.00025
Node5*	9	A	0.97414	0.00651	0.01914	0.00021
Node5*	10	T	0.00299	0.04551	0.00363	0.94787
Node5*	11	G	0.01886	0.00822	0.97258	0.00033
Node5*	12	T	0.00058	0.02182	0.00058	0.97702
Node5*	13	A	0.97258	0.00822	0.01886	0.00033
Node5*	14	C	0.01633	0.95412	0.01363	0.01592
Node5*	15	C	0.02147	0.94196	0.02605	0.01051
Node5*	16	A	0.96044	0.01226	0.02671	0.00059
Node5*	17	T	0.00020	0.01286	0.00020	0.98674
Node5*	18	G	0.02651	0.00762	0.96562	0.00025
Node5*	19	C	0.01122	0.95916	0.01136	0.01826
Node5*	20	T	0.00039	0.01846	0.00039	0.98076
Node1*	1	G	0.00000	0.00000	1.00000	0.00000
Node1*	2	A	1.00000	0.00000	0.00000	0.00000
Node1*	3	G	0.00000	0.00000	1.00000	0.00000
Node1*	4	A	1.00000	0.00000	0.00000	0.00000
Node1*	5	G	0.00000	0.00000	1.00000	0.00000
Node1*	6	A	1.00000	0.00000	0.00000	0.00000
Node1*	7	T	0.00000	0.00000	0.00000	1.00000
Node1*	8	G	0.00000	0.00000	1.00000	0.00000
Node1*	9	A	1.00000	0.00000	0.00000	0.00000
Node1*	10	T	0.00000	0.00000	0.00000	1.00000
Node1*	11	G	0.00000	0.00000	1.00000	0.00000
Node1*	12	T	0.00000	0.00000	0.00000	1.00000
Node1*	13	A	1.00000	0.00000	0.00000	0.00000
Node1*	14	C	0.00000	1.00000	0.00000	0.00000
Node1*	15	C	0.00000	1.00000	0.00000	0.00000
Node1*	16	A	1.00000	0.00000	0.00000	0.00000
Node1*	17	T	0.00000	0.00000	0.00000	1.00000
Node1*	18	G	0.00000	0.00000	1.00000	0.00000
Node1*	19	C	0.00000	1.00000	0.00000	0.00000
Node1*	20	T	0.00000	0.00000	0.00000	1.00000
Node4*	1	C	0.00427	0.50418	0.00427	0.48728
Node4*	2	C	0.04539	0.90147	0.03022	0.02293
Node4*	3	C	0.04539	0.90147	0.03022	0.02293
Node4*	4	C	0.07655	0.56561	0.33919	0.01865
Node4*	5	G	0.39523	0.02004	0.58447	0.00026
Node4*	6	G	0.39523	0.02004	0.58447	0.00026
Node4*	7	A	0.92334	0.02966	0.04631	0.00070
Node4*	8	T	0.00006	0.01817	0.00006	0.98171
Node4*	9	G	0.38799	0.01998	0.59178	0.00026
Node4*	10	C	0.01116	0.93426	0.01116	0.04343
Node4*	11	G	0.09624	0.24882	0.65042	0.00452
Node4*	12	G	0.06930	0.01053	0.92004	0.00014
Node4*	13	T	0.07778	0.32320	0.01729	0.58173
Node4*	14	T	0.00028	0.04604	0.00028	0.95341
Node4*	15	C	0.00576	0.88156	0.00576	0.10692
Node4*	16	C	0.00576	0.88156	0.00576	0.10692
Node4*	17	T	0.00028	0.04604	0.00028	0.95341
Node4*	18	C	0.04975	0.67196	0.22047	0.05782
Node4*	19	G	0.04631	0.02966	0.92334	0.00070
Node4*	20	T	0.00131	0.28320	0.00131	0.71418
Node3*	1	C	0.00000	1.00000	0.00000	0.00000
Node3*	2	C	0.00000	1.00000	0.00000	0.00000
Node3*	3	C	0.00000	1.00000	0.00000	0.00000
Node3*	4	C	0.00000	0.99999	0.00000	0.00000
Node3*	5	A	0.99999	0.00000	0.00000	0.00000
Node3*	6	A	1.00000	0.00000	0.00000	0.00000
Node3*	7	A	1.00000	0.00000	0.00000	0.00000
Node3*	8	T	0.00000	0.00000	0.00000	1.00000
Node3*	9	G	0.00000	0.00000	1.00000	0.00000
Node3*	10	C	0.00000	1.00000	0.00000	0.00000
Node3*	11	G	0.00000	0.00000	1.00000	0.00000
Node3*	12	G	0.00000	0.00000	1.00000	0.00000
Node3*	13	A	0.99999	0.00000	0.00000	0.00000
Node3*	14	T	0.00000	0.00000	0.00000	1.00000
Node3*	15	C	0.00000	1.00000	0.00000	0.00000
Node3*	16	C	0.00000	1.00000	0.00000	0.00000
Node3*	17	T	0.00000	0.00000	0.00000	1.00000
Node3*	18	C	0.00000	1.00000	0.00000	0.00000
Node3*	19	G	0.00000	0.00000	1.00000	0.00000
Node3*	20	C	0.00000	1.00000	0.00000	0.00000
Node1	1	G	0.22350	0.33185	0.35774	0.08690
Node1	2	A	0.35774	0.33185	0.22351	0.08690
Node1	3	G	0.22351	0.33185	0.35774	0.08690
Node1	4	A	0.35775	0.33185	0.22351	0.08690
Node1	5	A	0.46660	0.10477	0.41352	0.01511
Node1	6	A	0.66381	0.09312	0.22963	0.01343
Node1	7	C	0.26282	0.33311	0.14552	0.25854
Node1	8	C	0.12655	0.34117	0.20256	0.32972
Node1	9	G	0.41352	0.10477	0.46660	0.01511
Node1	10	T	0.04506	0.37766	0.04506	0.53222
Node1	11	G	0.22963	0.09312	0.66381	0.01343
Node1	12	C	0.14552	0.33311	0.26282	0.25854
Node1	13	A	0.66381	0.09312	0.22963	0.01343
Node1	14	T	0.03997	0.33224	0.03997	0.58781
Node1	15	C	0.11399	0.52184	0.11399	0.25017
Node1	16	A	0.35774	0.33185	0.22351	0.08690
Node1	17	T	0.01038	0.15792	0.01038	0.82132
Node1	18	G	0.22351	0.33185	0.35775	0.08690
Node1	19	G	0.22797	0.28505	0.41172	0.07526
Node1	20	A	0.82480	0.13384	0.02761	0.01375
