# Ancestral state reconstruction for all nodes in output.treefile
# This file can be read in MS Excel or in R with command:
#   tab=read.table('output.state',header=TRUE)
# Columns are tab-separated with following meaning:
#   Node:  Node name in the tree
#   Site:  Alignment site ID
#   State: Most likely state assignment
#   p_X:   Posterior probability for state X (empirical Bayesian method)
Node	Site	State	p_A	p_C	p_G	p_T
Node5*	1	G	0.02263	0.01500	0.96156	0.00082
Node5*	2	A	0.96307	0.00975	0.02679	0.00040
Node5*	3	G	0.02719	0.00772	0.96485	0.00025
Node5*	4	A	0.96156	0.01500	0.02263	0.00082
Node5*	5	G	0.02189	0.03174	0.94260	0.00376
Node5*	6	A	0.96381	0.01293	0.02238	0.00087
Node5*	7	T	0.00032	0.01615	0.00032	0.98321
Node5*	8	G	0.02719	0.00772	0.96485	0.00025
Node5*	9	A	0.97414	0.00651	0.01914	0.00021
Node5*	10	T	0.00299	0.04551	0.00363	0.94787
Node5*	11	G	0.01886	0.00822	0.97258	0.00033
Node5*	12	T	0.00058	0.02182	0.00058	0.97702
Node5*	13	A	0.97258	0.00822	0.01886	0.00033
Node5*	14	C	0.01633	0.95412	0.01363	0.01592
Node5*	15	C	0.02147	0.94196	0.02605	0.01051
Node5*	16	A	0.96044	0.01226	0.02671	0.00059
Node5*	17	T	0.00020	0.01286	0.00020	0.98674
Node5*	18	G	0.02651	0.00762	0.96562	0.00025
Node5*	19	C	0.01122	0.95916	0.01136	0.01826
Node5*	20	T	0.00041	0.01848	0.00039	0.98072
Node1	1	G	0.00000	0.00000	1.00000	0.00000
Node1	2	A	1.00000	0.00000	0.00000	0.00000
Node1	3	G	0.00000	0.00000	1.00000	0.00000
Node1	4	A	1.00000	0.00000	0.00000	0.00000
Node1	5	G	0.00000	0.00000	1.00000	0.00000
Node1	6	A	1.00000	0.00000	0.00000	0.00000
Node1	7	T	0.00000	0.00000	0.00000	1.00000
Node1	8	G	0.00000	0.00000	1.00000	0.00000
Node1	9	A	1.00000	0.00000	0.00000	0.00000
Node1	10	T	0.00000	0.00000	0.00000	1.00000
Node1	11	G	0.00000	0.00000	1.00000	0.00000
Node1	12	T	0.00000	0.00000	0.00000	1.00000
Node1	13	A	1.00000	0.00000	0.00000	0.00000
Node1	14	C	0.00000	1.00000	0.00000	0.00000
Node1	15	C	0.00000	1.00000	0.00000	0.00000
Node1	16	A	1.00000	0.00000	0.00000	0.00000
Node1	17	T	0.00000	0.00000	0.00000	1.00000
Node1	18	G	0.00000	0.00000	1.00000	0.00000
Node1	19	C	0.00000	1.00000	0.00000	0.00000
Node1	20	T	0.00002	0.00002	0.00000	0.99996
