7
t2         0.0000000 2.6971207 1.4369300 2.7160216 2.5188051 9.0000000 1.4740854 
t5         2.6971207 0.0000000 1.0698024 7.4476758 1.6833380 4.8400458 9.0000000 
t6         1.4369300 1.0698024 0.0000000 1.3640207 3.0603228 5.4714046 3.2533175 
t4         2.7160216 7.4476758 1.3640207 0.0000000 2.1634442 3.8103733 4.0336019 
t1         2.5188051 1.6833380 3.0603228 2.1634442 0.0000000 0.5926920 7.9460171 
t7         9.0000000 4.8400458 5.4714046 3.8103733 0.5926920 0.0000000 4.1436335 
t3         1.4740854 9.0000000 3.2533175 4.0336019 7.9460171 4.1436335 0.0000000 
