16
A1         0.0000000 0.2231309 0.4137354 0.4904442 0.5198596 0.4866079 0.4420405 0.4402398 2.5214825 2.7182557 2.7972760 2.4395830 3.7579762 4.1410953 4.4451945 2.8401449 
A2         0.2231309 0.0000000 0.5079547 0.5911430 0.5999927 0.5716050 0.5421886 0.5380790 2.3657530 2.7182557 2.9340173 2.2985439 4.9650549 3.4054735 3.9253341 2.7972760 
A3         0.4137354 0.5079547 0.0000000 0.1636170 0.4566040 0.4420405 0.3948773 0.4016800 3.1013744 9.0000000 9.0000000 3.2381161 9.0000000 9.0000000 3.1666335 2.9340173 
A4         0.4904442 0.5911430 0.1636170 0.0000000 0.5158703 0.5218623 0.4639932 0.4677153 3.2381161 3.6212353 9.0000000 3.2381161 9.0000000 9.0000000 3.1666335 3.4054735 
A5         0.5198596 0.5999927 0.4566040 0.5158703 0.0000000 0.1295755 0.2191022 0.2217856 2.6816631 3.0413428 3.5056223 2.6816631 9.0000000 2.9340173 3.2381161 2.7567251 
A6         0.4866079 0.5716050 0.4420405 0.5218623 0.1295755 0.0000000 0.2032006 0.2204427 2.6134342 2.8401449 2.9340173 2.4395830 9.0000000 4.4451945 3.6212353 2.8856134 
A7         0.4420405 0.5421886 0.3948773 0.4639932 0.2191022 0.2032006 0.0000000 0.0879624 2.9857619 2.7567251 2.8401449 2.5214825 9.0000000 3.6212353 2.8856134 2.6467731 
A8         0.4402398 0.5380790 0.4016800 0.4677153 0.2217856 0.2204427 0.0879624 0.0000000 2.7567251 2.6816631 2.7972760 2.3895645 4.9650549 3.1013744 2.5214825 2.4931773 
B1         2.5214825 2.3657530 3.1013744 3.2381161 2.6816631 2.6134342 2.9857619 2.7567251 0.0000000 0.2285363 0.4295254 0.3617594 0.7607034 0.6318157 0.5442518 0.5238703 
B2         2.7182557 2.7182557 9.0000000 3.6212353 3.0413428 2.8401449 2.7567251 2.6816631 0.2285363 0.0000000 0.4242250 0.3699028 0.7126442 0.5977705 0.5158703 0.5059887 
B3         2.7972760 2.9340173 9.0000000 9.0000000 3.5056223 2.9340173 2.8401449 2.7972760 0.4295254 0.4242250 0.0000000 0.1561912 0.7126442 0.6225848 0.5567531 0.5158703 
B4         2.4395830 2.2985439 3.2381161 3.2381161 2.6816631 2.4395830 2.5214825 2.3895645 0.3617594 0.3699028 0.1561912 0.0000000 0.6506254 0.5546552 0.5138835 0.4695833 
B5         3.7579762 4.9650549 9.0000000 9.0000000 9.0000000 9.0000000 9.0000000 4.9650549 0.7607034 0.7126442 0.7126442 0.6506254 0.0000000 0.1236560 0.4456550 0.4189618 
B6         4.1410953 3.4054735 9.0000000 9.0000000 2.9340173 4.4451945 3.6212353 3.1013744 0.6318157 0.5977705 0.6225848 0.5546552 0.1236560 0.0000000 0.3814541 0.3394173 
B7         4.4451945 3.9253341 3.1666335 3.1666335 3.2381161 3.6212353 2.8856134 2.5214825 0.5442518 0.5158703 0.5567531 0.5138835 0.4456550 0.3814541 0.0000000 0.1837862 
B8         2.8401449 2.7972760 2.9340173 3.4054735 2.7567251 2.8856134 2.6467731 2.4931773 0.5238703 0.5059887 0.5158703 0.4695833 0.4189618 0.3394173 0.1837862 0.0000000 
