# Ancestral state reconstruction for all nodes in output.treefile
# This file can be read in MS Excel or in R with command:
#   tab=read.table('output.state',header=TRUE)
# Columns are tab-separated with following meaning:
#   Node:  Node name in the tree
#   Site:  Alignment site ID
#   State: Most likely state assignment
#   p_X:   Posterior probability for state X (empirical Bayesian method)
Node	Site	State	p_A	p_C	p_G	p_T
Node5*	1	G	0.02262	0.01500	0.96156	0.00082
Node5*	2	A	0.96307	0.00975	0.02679	0.00040
Node5*	3	G	0.02719	0.00772	0.96484	0.00025
Node5*	4	A	0.96156	0.01500	0.02262	0.00082
Node5*	5	G	0.02189	0.03174	0.94260	0.00376
Node5*	6	A	0.96381	0.01293	0.02238	0.00087
Node5*	7	T	0.00032	0.01615	0.00032	0.98321
Node5*	8	G	0.02719	0.00772	0.96484	0.00025
Node5*	9	A	0.97414	0.00651	0.01914	0.00021
Node5*	10	T	0.00299	0.04551	0.00363	0.94788
Node5*	11	G	0.01886	0.00822	0.97258	0.00033
Node5*	12	T	0.00058	0.02182	0.00058	0.97702
Node5*	13	A	0.97258	0.00822	0.01886	0.00033
Node5*	14	C	0.01633	0.95412	0.01364	0.01592
Node5*	15	C	0.02147	0.94196	0.02605	0.01051
Node5*	16	A	0.96044	0.01226	0.02671	0.00059
Node5*	17	T	0.00020	0.01286	0.00020	0.98674
Node5*	18	G	0.02651	0.00762	0.96562	0.00025
Node5*	19	C	0.01122	0.95916	0.01136	0.01826
Node5*	20	T	0.00039	0.01846	0.00039	0.98076
Node1*	1	G	0.00000	0.00000	1.00000	0.00000
Node1*	2	A	1.00000	0.00000	0.00000	0.00000
Node1*	3	G	0.00000	0.00000	1.00000	0.00000
Node1*	4	A	1.00000	0.00000	0.00000	0.00000
Node1*	5	G	0.00000	0.00000	1.00000	0.00000
Node1*	6	A	1.00000	0.00000	0.00000	0.00000
Node1*	7	T	0.00000	0.00000	0.00000	1.00000
Node1*	8	G	0.00000	0.00000	1.00000	0.00000
Node1*	9	A	1.00000	0.00000	0.00000	0.00000
Node1*	10	T	0.00000	0.00000	0.00000	1.00000
Node1*	11	G	0.00000	0.00000	1.00000	0.00000
Node1*	12	T	0.00000	0.00000	0.00000	1.00000
Node1*	13	A	1.00000	0.00000	0.00000	0.00000
Node1*	14	C	0.00000	0.99999	0.00000	0.00000
Node1*	15	C	0.00000	1.00000	0.00000	0.00000
Node1*	16	A	1.00000	0.00000	0.00000	0.00000
Node1*	17	T	0.00000	0.00000	0.00000	1.00000
Node1*	18	G	0.00000	0.00000	1.00000	0.00000
Node1*	19	C	0.00000	1.00000	0.00000	0.00000
Node1*	20	T	0.00000	0.00000	0.00000	1.00000
Node2*	1	G	0.00000	0.00000	1.00000	0.00000
Node2*	2	A	1.00000	0.00000	0.00000	0.00000
Node2*	3	C	0.00000	1.00000	0.00000	0.00000
Node2*	4	A	1.00000	0.00000	0.00000	0.00000
Node2*	5	A	1.00000	0.00000	0.00000	0.00000
Node2*	6	A	0.66381	0.09312	0.22963	0.01343
Node2*	7	A	1.00000	0.00000	0.00000	0.00000
Node2*	8	C	0.00000	1.00000	0.00000	0.00000
Node2*	9	G	0.00000	0.00000	1.00000	0.00000
Node2*	10	T	0.00000	0.00000	0.00000	1.00000
Node2*	11	G	0.00000	0.00000	1.00000	0.00000
Node2*	12	G	0.00000	0.00000	1.00000	0.00000
Node2*	13	G	0.00000	0.00000	1.00000	0.00000
Node2*	14	A	0.99999	0.00001	0.00000	0.00000
Node2*	15	C	0.00000	1.00000	0.00000	0.00000
Node2*	16	A	1.00000	0.00000	0.00000	0.00000
Node2*	17	T	0.00000	0.00000	0.00000	1.00000
Node2*	18	A	1.00000	0.00000	0.00000	0.00000
Node2*	19	C	0.00000	1.00000	0.00000	0.00000
Node2*	20	C	0.00000	1.00000	0.00000	0.00000
Node3*	1	C	0.00000	1.00000	0.00000	0.00000
Node3*	2	C	0.00000	0.99999	0.00000	0.00000
Node3*	3	C	0.00000	1.00000	0.00000	0.00000
Node3*	4	C	0.00000	1.00000	0.00000	0.00000
Node3*	5	A	1.00000	0.00000	0.00000	0.00000
Node3*	6	A	1.00000	0.00000	0.00000	0.00000
Node3*	7	A	1.00000	0.00000	0.00000	0.00000
Node3*	8	T	0.00000	0.00000	0.00000	1.00000
Node3*	9	G	0.00000	0.00000	1.00000	0.00000
Node3*	10	C	0.00000	1.00000	0.00000	0.00000
Node3*	11	G	0.00000	0.00000	1.00000	0.00000
Node3*	12	G	0.00000	0.00000	1.00000	0.00000
Node3*	13	A	1.00000	0.00000	0.00000	0.00000
Node3*	14	T	0.00000	0.00000	0.00000	0.99999
Node3*	15	C	0.00000	1.00000	0.00000	0.00000
Node3*	16	C	0.00000	1.00000	0.00000	0.00000
Node3*	17	T	0.00000	0.00000	0.00000	1.00000
Node3*	18	C	0.00000	1.00000	0.00000	0.00000
Node3*	19	G	0.00000	0.00000	1.00000	0.00000
Node3*	20	C	0.00000	1.00000	0.00000	0.00000
Node1	1	C	0.05933	0.74071	0.05933	0.14062
Node1	2	C	0.20265	0.60008	0.13493	0.06233
Node1	3	C	0.20265	0.60009	0.13493	0.06233
Node1	4	C	0.05933	0.74071	0.05933	0.14062
Node1	5	A	0.70139	0.06008	0.23408	0.00445
Node1	6	A	0.70139	0.06008	0.23408	0.00445
Node1	7	A	0.66879	0.16081	0.14862	0.02179
Node1	8	T	0.00268	0.08563	0.00268	0.90901
Node1	9	G	0.12236	0.04717	0.82697	0.00350
Node1	10	C	0.05933	0.74071	0.05933	0.14063
Node1	11	G	0.12236	0.04717	0.82697	0.00350
Node1	12	G	0.23408	0.06008	0.70139	0.00445
Node1	13	A	0.55033	0.24186	0.12229	0.08551
Node1	14	T	0.01103	0.19295	0.01103	0.78498
Node1	15	C	0.02768	0.63170	0.02768	0.31293
Node1	16	C	0.02768	0.63170	0.02768	0.31293
Node1	17	T	0.01103	0.19295	0.01103	0.78499
Node1	18	C	0.02768	0.63170	0.02768	0.31293
Node1	19	G	0.14862	0.16081	0.66878	0.02179
Node1	20	A	0.67058	0.29627	0.02245	0.01070
