# Ancestral state reconstruction for all nodes in output.treefile
# This file can be read in MS Excel or in R with command:
#   tab=read.table('output.state',header=TRUE)
# Columns are tab-separated with following meaning:
#   Node:  Node name in the tree
#   Site:  Alignment site ID
#   State: Most likely state assignment
#   p_X:   Posterior probability for state X (empirical Bayesian method)
Node	Site	State	p_A	p_C	p_G	p_T
Node4*	1	C	0.00427	0.50418	0.00427	0.48728
Node4*	2	C	0.04539	0.90147	0.03022	0.02293
Node4*	3	C	0.04539	0.90147	0.03022	0.02293
Node4*	4	C	0.07655	0.56561	0.33919	0.01865
Node4*	5	G	0.39523	0.02004	0.58447	0.00026
Node4*	6	G	0.39523	0.02004	0.58447	0.00026
Node4*	7	A	0.92334	0.02966	0.04631	0.00070
Node4*	8	T	0.00006	0.01817	0.00006	0.98171
Node4*	9	G	0.38799	0.01998	0.59177	0.00026
Node4*	10	C	0.01116	0.93426	0.01116	0.04343
Node4*	11	G	0.09624	0.24882	0.65042	0.00452
Node4*	12	G	0.06930	0.01053	0.92004	0.00014
Node4*	13	T	0.07778	0.32320	0.01729	0.58173
Node4*	14	T	0.00028	0.04604	0.00028	0.95341
Node4*	15	C	0.00576	0.88156	0.00576	0.10692
Node4*	16	C	0.00576	0.88156	0.00576	0.10692
Node4*	17	T	0.00028	0.04604	0.00028	0.95341
Node4*	18	C	0.04975	0.67196	0.22046	0.05782
Node4*	19	G	0.04631	0.02966	0.92334	0.00070
Node4*	20	T	0.00131	0.28320	0.00131	0.71418
Node1	1	C	0.00000	1.00000	0.00000	0.00000
Node1	2	C	0.00000	1.00000	0.00000	0.00000
Node1	3	C	0.00000	1.00000	0.00000	0.00000
Node1	4	C	0.00000	1.00000	0.00000	0.00000
Node1	5	A	1.00000	0.00000	0.00000	0.00000
Node1	6	A	1.00000	0.00000	0.00000	0.00000
Node1	7	A	1.00000	0.00000	0.00000	0.00000
Node1	8	T	0.00000	0.00000	0.00000	1.00000
Node1	9	G	0.00000	0.00000	1.00000	0.00000
Node1	10	C	0.00000	1.00000	0.00000	0.00000
Node1	11	G	0.00000	0.00000	1.00000	0.00000
Node1	12	G	0.00000	0.00000	1.00000	0.00000
Node1	13	A	0.99999	0.00001	0.00000	0.00000
Node1	14	T	0.00000	0.00000	0.00000	1.00000
Node1	15	C	0.00000	1.00000	0.00000	0.00000
Node1	16	C	0.00000	1.00000	0.00000	0.00000
Node1	17	T	0.00000	0.00000	0.00000	1.00000
Node1	18	C	0.00000	1.00000	0.00000	0.00000
Node1	19	G	0.00000	0.00000	1.00000	0.00000
Node1	20	C	0.00001	0.99999	0.00000	0.00000
