# Ancestral state reconstruction for all nodes in output.treefile
# This file can be read in MS Excel or in R with command:
#   tab=read.table('output.state',header=TRUE)
# Columns are tab-separated with following meaning:
#   Node:  Node name in the tree
#   Site:  Alignment site ID
#   State: Most likely state assignment
#   p_X:   Posterior probability for state X (empirical Bayesian method)
Node	Site	State	p_A	p_C	p_G	p_T
Node4*	1	C	0.00427	0.50418	0.00427	0.48728
Node4*	2	C	0.04539	0.90147	0.03022	0.02293
Node4*	3	C	0.04539	0.90147	0.03022	0.02293
Node4*	4	C	0.07655	0.56561	0.33919	0.01865
Node4*	5	G	0.39524	0.02004	0.58447	0.00026
Node4*	6	G	0.39523	0.02004	0.58447	0.00026
Node4*	7	A	0.92334	0.02966	0.04631	0.00070
Node4*	8	T	0.00006	0.01817	0.00006	0.98171
Node4*	9	G	0.38799	0.01998	0.59178	0.00026
Node4*	10	C	0.01116	0.93426	0.01116	0.04343
Node4*	11	G	0.09624	0.24882	0.65042	0.00452
Node4*	12	G	0.06930	0.01053	0.92004	0.00014
Node4*	13	T	0.07778	0.32320	0.01729	0.58173
Node4*	14	T	0.00028	0.04604	0.00028	0.95341
Node4*	15	C	0.00576	0.88156	0.00576	0.10692
Node4*	16	C	0.00576	0.88156	0.00576	0.10692
Node4*	17	T	0.00028	0.04604	0.00028	0.95341
Node4*	18	C	0.04976	0.67196	0.22047	0.05782
Node4*	19	G	0.04631	0.02966	0.92334	0.00070
Node4*	20	T	0.00131	0.28320	0.00131	0.71418
Node3*	1	C	0.00000	1.00000	0.00000	0.00000
Node3*	2	C	0.00000	1.00000	0.00000	0.00000
Node3*	3	C	0.00000	1.00000	0.00000	0.00000
Node3*	4	C	0.00000	0.99999	0.00000	0.00000
Node3*	5	A	1.00000	0.00000	0.00000	0.00000
Node3*	6	A	1.00000	0.00000	0.00000	0.00000
Node3*	7	A	1.00000	0.00000	0.00000	0.00000
Node3*	8	T	0.00000	0.00000	0.00000	1.00000
Node3*	9	G	0.00000	0.00000	1.00000	0.00000
Node3*	10	C	0.00000	1.00000	0.00000	0.00000
Node3*	11	G	0.00000	0.00000	1.00000	0.00000
Node3*	12	G	0.00000	0.00000	1.00000	0.00000
Node3*	13	A	0.99999	0.00000	0.00000	0.00000
Node3*	14	T	0.00000	0.00000	0.00000	1.00000
Node3*	15	C	0.00000	1.00000	0.00000	0.00000
Node3*	16	C	0.00000	1.00000	0.00000	0.00000
Node3*	17	T	0.00000	0.00000	0.00000	1.00000
Node3*	18	C	0.00000	0.99999	0.00000	0.00000
Node3*	19	G	0.00000	0.00000	1.00000	0.00000
Node3*	20	C	0.00000	1.00000	0.00000	0.00000
Node2*	1	G	0.00000	0.00000	1.00000	0.00000
Node2*	2	A	1.00000	0.00000	0.00000	0.00000
Node2*	3	C	0.00000	1.00000	0.00000	0.00000
Node2*	4	A	1.00000	0.00000	0.00000	0.00000
Node2*	5	A	1.00000	0.00000	0.00000	0.00000
Node2*	6	A	0.49317	0.17218	0.27307	0.06158
Node2*	7	A	1.00000	0.00000	0.00000	0.00000
Node2*	8	C	0.00000	1.00000	0.00000	0.00000
Node2*	9	G	0.00000	0.00000	1.00000	0.00000
Node2*	10	T	0.00000	0.00000	0.00000	1.00000
Node2*	11	G	0.00000	0.00000	1.00000	0.00000
Node2*	12	G	0.00000	0.00000	1.00000	0.00000
Node2*	13	G	0.00000	0.00000	1.00000	0.00000
Node2*	14	A	1.00000	0.00000	0.00000	0.00000
Node2*	15	C	0.00000	1.00000	0.00000	0.00000
Node2*	16	A	1.00000	0.00000	0.00000	0.00000
Node2*	17	T	0.00000	0.00000	0.00000	1.00000
Node2*	18	A	1.00000	0.00000	0.00000	0.00000
Node2*	19	C	0.00000	1.00000	0.00000	0.00000
Node2*	20	C	0.00000	1.00000	0.00000	0.00000
Node5*	1	G	0.28319	0.20994	0.43629	0.07058
Node5*	2	A	0.46355	0.14482	0.35566	0.03597
Node5*	3	A	0.32171	0.30360	0.26516	0.10953
Node5*	4	A	0.43629	0.20994	0.28319	0.07058
Node5*	5	C	0.29119	0.30256	0.18656	0.21970
Node5*	6	A	0.33689	0.22071	0.30136	0.14104
Node5*	7	A	0.33980	0.27894	0.22056	0.16071
Node5*	8	A	0.32171	0.30360	0.26516	0.10953
Node5*	9	G	0.36961	0.11890	0.48805	0.02343
Node5*	10	T	0.15552	0.32598	0.18869	0.32980
Node5*	11	G	0.28752	0.14021	0.53744	0.03483
Node5*	12	G	0.25547	0.24287	0.39875	0.10291
Node5*	13	G	0.35566	0.14482	0.46355	0.03597
Node5*	14	A	0.51003	0.16769	0.27286	0.04942
Node5*	15	G	0.26516	0.30360	0.32171	0.10953
Node5*	16	A	0.43917	0.17292	0.33695	0.05096
Node5*	17	T	0.02288	0.20185	0.02288	0.75240
Node5*	18	A	0.55906	0.11523	0.30301	0.02271
Node5*	19	C	0.17796	0.39725	0.18030	0.24449
Node5*	20	A	0.86064	0.08259	0.04918	0.00758
Node1	1	G	0.28133	0.20564	0.44481	0.06823
Node1	2	A	0.47186	0.14336	0.34959	0.03519
Node1	3	A	0.31399	0.31261	0.26144	0.11195
Node1	4	A	0.44481	0.20564	0.28133	0.06823
Node1	5	A	0.30285	0.29902	0.18921	0.20893
Node1	6	A	0.33946	0.21991	0.30172	0.13891
Node1	7	A	0.35065	0.27423	0.22174	0.15338
Node1	8	A	0.31399	0.31261	0.26144	0.11195
Node1	9	G	0.36272	0.11859	0.49549	0.02320
Node1	10	T	0.14938	0.32699	0.17940	0.34423
Node1	11	G	0.28541	0.13879	0.54173	0.03407
Node1	12	G	0.25505	0.23786	0.40824	0.09884
Node1	13	G	0.34959	0.14336	0.47186	0.03519
Node1	14	A	0.51529	0.16512	0.27159	0.04800
Node1	15	G	0.26144	0.31261	0.31399	0.11195
Node1	16	A	0.44827	0.17027	0.33197	0.04949
Node1	17	T	0.02249	0.20062	0.02249	0.75440
Node1	18	A	0.56262	0.11492	0.29999	0.02248
Node1	19	C	0.17607	0.40170	0.17824	0.24399
Node1	20	A	0.90263	0.06303	0.03022	0.00413
